Received Log:

[9 jul. 2022 11:34:09 a. m.] ASCII:
#---INI---#
Visualiti;UNIX;SM1;SM2
ID;UXTIME;m3/m3;m3/m3
C136;1644708333;-1.3;-1.3
C136;1644708341;57.3;-0.7
C136;1644710400;-0.1;-0.6
C136;1644714000;-3.9;-0.7
C136;1644717600;-4.3;-0.1
C136;1644721200;-4.3;0.1
C136;1644724800;-2.5;-1.3
C136;1644728400;-3.3;1.4
C136;1644732000;-4.4;1.4
C136;1644735600;-4.6;0.3
C136;1644739200;-2.7;0.5
C136;1644742800;-4.1;-1.0
C136;1644746400;-4.2;1.6
C136;1644750000;-4.5;-0.2
C136;1644753600;-3.6;-0.3
C136;1644757200;-3.2;0.2
C136;1644760800;-2.6;-0.3
C136;1644764400;-2.7;0.2
C136;1644768000;-4.0;-1.1
C136;1644771600;-3.4;0.6
C136;1644775200;-3.4;-0.9
C136;1644778800;-4.0;-0.1
C136;1644782400;-3.2;-1.0
C136;1644786000;-2.3;-0.2
C136;1644789600;-4.6;-0.1
C136;1644793200;-4.4;-0.0
C136;1644796800;-2.6;-1.5
C136;1644800400;-2.5;-1.1
C136;1644804000;-2.6;-0.7
C136;1644807600;-4.3;-0.6
C136;1644811200;-3.4;-1.5
C136;1644814800;-3.2;-1.2
C136;1644818400;-3.0;-1.9
C136;1644822000;-4.4;1.1
C136;1644825600;-3.7;0.8
C136;1644829200;-4.0;-0.7
C136;1644832800;-3.9;0.3
C136;1644836400;-3.5;1.2
C136;1644840000;-2.5;0.4
C136;1644843600;-4.3;1.3
C136;1644847200;-4.4;1.0
C136;1644850800;-3.4;0.4
C136;1644854400;-2.4;-0.9
C136;1644858000;-2.5;-0.4
C136;1644861600;-2.6;1.1
C136;1644865200;-1.7;0.2
C136;1644868800;-1.0;0.5
C136;1644872400;-1.2;-0.5
C136;1644876000;-1.0;0.8
C136;1644879600;-0.7;0.9
C136;1644883200;0.2;0.8
C136;1644886800;-0.9;-0.2
C136;1644890400;-0.8;0.9
C136;1644894000;-0.0;-0.6
C136;1644897600;0.1;0.4
C136;1644901200;-0.1;-0.0
C136;1644904800;-0.2;-0.2
C136;1644908400;-0.6;0.5
C136;1644912000;0.2;-0.2
C136;1644915600;0.1;1.0
C136;1644919200;-0.6;0.7
C136;1644922800;-0.7;0.6
C136;1644926400;-1.0;0.2
C136;1644930000;-0.3;0.4
C136;1644933600;-0.1;0.4
C136;1644937200;0.1;-0.1
C136;1644940800;-0.9;0.0
C136;1644944400;-0.1;0.0
C136;1644948000;-0.6;-0.9
C136;1644951600;-2.0;-0.6
C136;1644955200;-1.0;-0.6
C136;1644958800;-0.4;-1.2
C136;1644962400;-1.4;-1.3
C136;1644966000;-1.8;-0.0
C136;1644969600;-1.7;-0.9
C136;1644973200;-0.8;-0.2
C136;1644976800;-1.4;-1.1
C136;1644980400;-1.5;-0.3
C136;1644984000;-1.7;0.1
C136;1644987600;-1.4;-0.7
C136;1644991200;-1.6;-0.8
C136;1644994800;-0.9;0.5
C136;1644998400;0.1;-0.3
C136;1645002000;-0.3;0.1
C136;1645005600;-1.2;0.5
C136;1645009200;-0.2;-0.0
C136;1645012800;-1.1;0.2
C136;1645016400;-1.0;-0.1
C136;1645020000;-1.3;0.3
C136;1645023600;-1.0;-1.1
C136;1645027200;-1.5;-1.3
C136;1645030800;-2.0;-0.7
C136;1645034400;-2.0;-1.4
C136;1645038000;-1.9;-1.4
C136;1645041600;-0.8;-1.6
C136;1645045200;-0.2;-0.3
C136;1645048800;-1.2;-0.4
C136;1645052400;-0.2;-0.2
C136;1645056000;3.1;4.5
C136;1645059600;3.8;8.4
C136;1645063200;5.2;9.3
C136;1645066800;5.4;9.4
C136;1645070400;5.3;9.3
C136;1645074000;4.5;8.5
C136;1645077600;5.4;8.7
C136;1645081200;4.6;7.9
C136;1645084800;4.4;7.5
C136;1645088400;5.2;8.0
C136;1645092000;4.7;7.0
C136;1645095600;4.2;6.7
C136;1645099200;5.4;7.1
C136;1645102800;5.1;7.3
C136;1645106400;5.0;6.7
C136;1645110000;3.5;5.4
C136;1645113600;4.4;6.2
C136;1645117200;4.1;5.8
C136;1645120800;3.8;4.9
C136;1645124400;3.2;4.1
C136;1645128000;1.9;3.3
C136;1645131600;2.1;2.8
C136;1645135200;1.6;2.8
C136;1645138800;2.6;3.5
C136;1645142400;1.5;2.6
C136;1645146000;2.1;3.0
C136;1645149600;2.6;3.1
C136;1645153200;1.6;2.8
C136;1645156800;2.4;3.0
C136;1645160400;1.4;2.5
C136;1645164000;1.9;2.4
C136;1645167600;1.3;2.0
C136;1645171200;1.4;2.1
C136;1645174800;2.7;3.0
C136;1645178400;2.4;3.3
C136;1645182000;1.5;2.1
C136;1645185600;2.5;3.4
C136;1645189200;2.4;3.2
C136;1645192800;2.0;2.5
C136;1645196400;1.4;2.3
C136;1645200000;1.7;2.5
C136;1645203600;2.4;3.4
C136;1645207200;1.5;2.9
C136;1645210800;1.7;3.2
C136;1645214400;2.1;3.4
C136;1645218000;2.4;3.4
C136;1645221600;2.1;2.7
C136;1645225200;1.6;3.0
C136;1645228800;2.5;3.0
C136;1645232400;2.5;3.0
C136;1645236000;1.9;2.5
C136;1645239600;1.6;3.0
C136;1645243200;1.2;2.0
C136;1645246800;1.8;3.1
C136;1645250400;1.9;3.2
C136;1645254000;2.0;2.2
C136;1645257600;2.1;3.0
C136;1645261200;1.7;3.0
C136;1645264800;2.1;3.1
C136;1645268400;1.2;2.6
C136;1645272000;1.8;2.1
C136;1645275600;1.5;2.9
C136;1645279200;1.1;2.7
C136;1645282800;1.5;2.2
C136;1645286400;1.1;2.1
C136;1645290000;0.9;2.1
C136;1645293600;2.2;2.5
C136;1645297200;0.8;2.0
C136;1645300800;1.6;1.8
C136;1645304400;0.9;1.9
C136;1645308000;2.0;2.9
C136;1645311600;1.1;1.4
C136;1645315200;0.9;2.3
C136;1645318800;1.7;2.7
C136;1645322400;1.1;2.7
C136;1645326000;0.5;1.6
C136;1645329600;1.8;1.7
C136;1645333200;0.7;2.2
C136;1645336800;1.3;1.6
C136;1645340400;0.6;1.6
C136;1645344000;1.2;1.4
C136;1645347600;0.8;2.4
C136;1645351200;0.6;2.0
C136;1645354800;0.7;2.1
C136;1645358400;1.6;1.8
C136;1645362000;0.7;2.5
C136;1645365600;0.9;1.3
C136;1645369200;1.9;2.1
C136;1645372800;0.5;2.0
C136;1645376400;0.4;1.9
C136;1645380000;0.3;1.1
C136;1645383600;0.4;1.8
C136;1645387200;1.6;1.9
C136;1645390800;0.1;1.1
C136;1645394400;0.7;0.7
C136;1645398000;0.3;1.0
C136;1645401600;0.9;1.1
C136;1645405200;0.4;1.5
C136;1645408800;0.2;2.1
C136;1645412400;0.6;0.9
C136;1645416000;0.8;1.0
C136;1645419600;0.7;1.2
C136;1645423200;0.2;1.5
C136;1645426800;1.4;1.8
C136;1645430400;1.4;1.3
C136;1645434000;1.2;1.3
C136;1645437600;0.9;0.9
C136;1645441200;0.5;1.2
C136;1645444800;0.7;1.1
C136;1645448400;1.2;2.4
C136;1645452000;1.2;2.5
C136;1645455600;0.7;1.9
C136;1645459200;0.1;-0.2
C136;1645462800;-0.2;0.9
C136;1645466400;0.8;1.2
C136;1645470000;0.3;1.3
C136;1645473600;-0.3;1.1
C136;1645477200;-0.8;0.4
C136;1645480800;0.1;1.0
C136;1645484400;0.3;0.4
C136;1645488000;-0.4;0.1
C136;1645491600;-0.1;0.1
C136;1645495200;-0.4;1.1
C136;1645498800;-0.3;0.3
C136;1645502400;0.4;0.2
C136;1645506000;-0.2;0.1
C136;1645509600;-0.6;0.4
C136;1645513200;0.7;1.3
C136;1645516800;-0.6;1.1
C136;1645520400;-0.4;0.4
C136;1645524000;0.8;1.8
C136;1645527600;0.6;1.8
C136;1645531200;0.5;0.7
C136;1645534800;-0.3;1.2
C136;1645538400;-0.6;0.7
C136;1645542000;0.3;0.8
C136;1645545600;-1.1;-0.1
C136;1645549200;0.1;-0.4
C136;1645552800;-1.4;-0.5
C136;1645556400;-1.4;-0.8
C136;1645560000;-0.8;-0.9
C136;1645563600;-1.5;-0.9
C136;1645567200;-0.2;-0.9
C136;1645570800;-0.1;-0.7
C136;1645574400;-1.1;-0.1
C136;1645578000;-0.1;1.2
C136;1645581600;-0.1;-0.1
C136;1645585200;-0.9;0.4
C136;1645588800;-0.7;0.2
C136;1645592400;0.4;1.1
C136;1645596000;0.3;0.1
C136;1645599600;-0.8;0.7
C136;1645603200;0.1;1.3
C136;1645606800;-0.4;0.1
C136;1645610400;-0.4;0.3
C136;1645614000;-0.0;-0.0
C136;1645617600;0.9;1.2
C136;1645621200;-0.5;-0.1
C136;1645624800;0.1;-0.1
C136;1645628400;-0.9;-0.5
C136;1645632000;-0.6;0.5
C136;1645635600;-0.7;0.3
C136;1645639200;-1.4;-0.1
C136;1645642800;-1.5;-0.7
C136;1645646400;-1.0;0.4
C136;1645650000;-0.0;-0.6
C136;1645653600;0.2;0.0
C136;1645657200;0.1;0.5
C136;1645660800;-1.0;0.2
C136;1645664400;-0.9;0.4
C136;1645668000;0.1;-0.4
C136;1645671600;0.1;-0.3
C136;1645675200;-0.1;1.1
C136;1645678800;-0.7;-0.2
C136;1645682400;-0.5;0.1
C136;1645686000;0.8;0.3
C136;1645689600;-0.8;0.3
C136;1645693200;0.5;1.5
C136;1645696800;-0.3;0.0
C136;1645700400;-0.5;0.2
C136;1645704000;-0.5;0.2
C136;1645707600;0.9;0.8
C136;1645711200;-0.5;0.8
C136;1645714800;-0.4;0.9
C136;1645718400;-0.0;1.4
C136;1645722000;0.3;1.0
C136;1645725600;11.8;12.5
C136;1645729200;11.0;13.3
C136;1645732800;10.9;13.0
C136;1645736400;11.1;12.2
C136;1645740000;10.8;11.9
C136;1645743600;10.6;12.0
C136;1645747200;9.7;12.5
C136;1645750800;9.3;11.6
C136;1645754400;10.0;11.9
C136;1645758000;9.1;11.1
C136;1645761600;9.7;10.6
C136;1645765200;9.7;10.7
C136;1645768800;8.6;11.2
C136;1645772400;9.8;9.9
C136;1646427600;4.3;3.5
C136;1646431200;4.1;3.0
C136;1646434800;7.2;7.8
C136;1646438400;7.0;7.3
C136;1646442000;7.3;8.0
C136;1646445600;7.0;7.4
C136;1646449200;6.9;7.0
C136;1646452800;6.8;7.0
C136;1646456400;7.3;7.1
C136;1646460000;7.1;7.5
C136;1646463600;6.5;6.2
C136;1646467200;6.3;6.1
C136;1646470800;6.7;6.2
C136;1646474400;7.1;6.6
C136;1646478000;6.6;6.7
C136;1646481600;6.8;6.1
C136;1646485200;6.3;5.7
C136;1646488800;6.5;6.4
C136;1646492400;6.5;6.3
C136;1646496000;5.7;5.2
C136;1646499600;6.1;5.4
C136;1646503200;5.7;5.4
C136;1646506800;5.3;4.8
C136;1646510400;6.1;5.5
C136;1646514000;5.5;5.3
C136;1646517600;5.5;5.1
C136;1646521200;6.0;5.6
C136;1646524800;5.3;4.7
C136;1646528400;6.0;5.0
C136;1646532000;5.3;4.7
C136;1646535600;5.9;5.5
C136;1646539200;6.0;5.1
C136;1646542800;5.9;4.9
C136;1646546400;5.6;4.4
C136;1646550000;5.0;4.2
C136;1646553600;5.9;5.2
C136;1646557200;4.9;4.1
C136;1646560800;5.3;4.5
C136;1646564400;5.0;4.1
C136;1646568000;5.1;4.6
C136;1646571600;5.1;4.5
C136;1646575200;4.9;3.5
C136;1646578800;5.1;4.3
C136;1646582400;4.9;4.1
C136;1646586000;4.0;3.4
C136;1646589600;4.4;3.6
C136;1646593200;4.9;4.4
C136;1646596800;4.5;4.1
C136;1646600400;4.7;3.4
C136;1646604000;4.8;3.7
C136;1646607600;4.3;3.3
C136;1646611200;4.6;3.2
C136;1646614800;4.5;3.4
C136;1646618400;3.9;3.7
C136;1646622000;4.5;3.7
C136;1646625600;4.1;4.1
C136;1646629200;4.4;4.1
C136;1646632800;4.6;3.6
C136;1646636400;3.6;3.1
C136;1646640000;4.1;3.6
C136;1646643600;4.0;3.1
C136;1646647200;3.6;3.0
C136;1646650800;4.1;3.9
C136;1646654400;3.7;3.5
C136;1646658000;4.2;3.1
C136;1646661600;4.3;3.5
C136;1646665200;4.0;3.7
C136;1646668800;4.0;3.1
C136;1646672400;3.4;2.9
C136;1646676000;3.4;3.1
C136;1646679600;3.7;3.3
C136;1646683200;3.0;3.1
C136;1646686800;2.8;2.9
C136;1646690400;3.3;3.1
C136;1646694000;2.7;2.6
C136;1646697600;3.4;2.3
C136;1646701200;3.5;2.9
C136;1646704800;2.5;2.4
C136;1646708400;2.7;2.5
C136;1646712000;2.5;2.2
C136;1646715600;2.5;2.0
C136;1646719200;2.9;2.0
C136;1646722800;2.9;2.1
C136;1646726400;2.9;2.7
C136;1646730000;2.6;2.5
C136;1646733600;3.1;2.4
C136;1646737200;2.9;2.8
C136;1646740800;3.1;2.8
C136;1646744400;2.8;2.7
C136;1646748000;2.6;1.8
C136;1646751600;2.5;2.1
C136;1646755200;1.6;0.9
C136;1646758800;1.2;1.7
C136;1646762400;0.8;1.0
C136;1646766000;0.5;0.9
C136;1646769600;0.8;0.8
C136;1646773200;0.5;0.5
C136;1646776800;1.1;0.9
C136;1646780400;0.9;0.8
C136;1646784000;0.7;-0.0
C136;1646787600;0.9;0.1
C136;1646791200;1.2;0.4
C136;1646794800;0.0;0.3
C136;1646798400;0.2;0.6
C136;1646802000;0.9;-0.1
C136;1646805600;0.6;0.3
C136;1646809200;0.2;-0.2
C136;1646812800;0.5;-0.3
C136;1646816400;0.4;0.6
C136;1646820000;0.6;0.3
C136;1646823600;-0.0;-0.6
C136;1646827200;0.4;-0.6
C136;1646830800;-0.2;0.4
C136;1646834400;-0.2;-0.6
C136;1646838000;0.1;-0.2
C136;1646841600;-0.9;-0.3
C136;1646845200;-1.3;-0.5
C136;1646848800;-0.7;-1.3
C136;1646852400;-1.0;-0.7
C136;1646856000;-0.7;-1.2
C136;1646859600;-1.0;-1.0
C136;1646863200;-0.9;-0.7
C136;1646866800;-1.5;-1.3
C136;1646870400;-0.9;-1.4
C136;1646874000;-1.5;-1.0
C136;1646877600;-1.5;-0.5
C136;1646881200;-1.2;-1.5
C136;1646884800;-0.8;-0.9
C136;1646888400;-1.7;-0.6
C136;1646892000;-0.9;-1.4
C136;1646895600;-1.6;-0.8
C136;1646899200;-1.5;-1.1
C136;1646902800;-1.6;-1.2
C136;1646906400;-1.4;-1.3
C136;1646910000;-0.8;-0.7
C136;1646913600;-1.8;-0.6
C136;1646917200;-1.3;-1.2
C136;1646920800;-1.3;-1.5
C136;1646924400;-2.1;-0.6
C136;1646928000;-1.5;-1.3
C136;1646931600;-2.1;-0.9
C136;1646935200;-2.5;-1.9
C136;1646938800;-2.6;-1.9
C136;1646942400;-2.8;-1.7
C136;1646946000;-2.0;-1.6
C136;1646949600;-2.2;-1.0
C136;1646953200;-2.0;-1.8
C136;1646956800;-2.0;-1.1
C136;1646960400;-1.8;-1.5
C136;1646964000;-1.9;-1.9
C136;1646967600;-2.0;-1.8
C136;1646971200;-2.0;-1.7
C136;1646974800;-2.0;-1.7
C136;1646978400;-2.2;-0.8
C136;1646982000;-1.9;-1.7
C136;1646985600;-1.6;-1.7
C136;1646989200;-1.9;-1.0
C136;1646992800;-1.7;-1.8
C136;1646996400;-1.6;-2.0
C136;1647000000;-1.9;-1.3
C136;1647003600;-2.5;-1.0
C136;1647007200;-2.0;-2.0
C136;1647010800;-2.2;-1.4
C136;1647014400;-2.5;-1.4
C136;1647018000;-2.7;-1.4
C136;1647021600;-3.0;-1.2
C136;1647025200;-2.8;-1.1
C136;1647028800;-2.1;-1.4
C136;1647032400;-1.7;-2.0
C136;1647036000;-2.1;-1.2
C136;1647039600;-2.0;-1.9
C136;1647043200;-1.7;-1.0
C136;1647046800;-2.6;-1.3
C136;1647050400;-2.0;-1.5
C136;1647054000;-2.0;-2.2
C136;1647057600;-1.8;-1.8
C136;1647061200;-2.7;-1.1
C136;1647064800;-1.9;-1.5
C136;1647068400;-2.5;-1.7
C136;1647072000;-2.4;-1.8
C136;1647075600;-2.4;-1.7
C136;1647079200;-1.5;-1.7
C136;1647082800;-2.5;-0.9
C136;1647086400;-2.1;-1.4
C136;1647090000;-2.7;-1.0
C136;1647093600;-2.2;-1.2
C136;1647097200;-2.0;-1.9
C136;1647100800;-1.9;-2.0
C136;1647104400;-2.0;-2.5
C136;1647108000;-3.1;-1.5
C136;1647111600;-2.7;-2.0
C136;1647115200;-2.0;-1.6
C136;1647118800;-2.5;-1.9
C136;1647122400;-2.7;-1.6
C136;1647126000;-2.9;-1.8
C136;1647129600;-2.2;-2.2
C136;1647133200;-2.5;-2.0
C136;1647136800;-2.3;-1.9
C136;1647140400;-2.1;-1.7
C136;1647144000;-2.1;-2.2
C136;1647147600;-2.0;-2.0
C136;1647151200;-2.6;-1.7
C136;1647154800;-2.5;-2.0
C136;1647158400;-2.1;-2.0
C136;1647162000;-1.9;-1.3
C136;1647165600;-2.5;-2.0
C136;1647169200;-2.1;-1.8
C136;1647172800;-2.5;-1.1
C136;1647176400;-2.5;-2.0
C136;1647180000;-2.5;-2.1
C136;1647183600;-2.1;-2.5
C136;1647187200;-2.8;-2.1
C136;1647190800;-3.1;-1.6
C136;1647194400;-2.5;-2.3
C136;1647198000;-3.2;-1.6
C136;1647201600;-3.1;-1.6
C136;1647205200;-2.5;-2.4
C136;1647208800;-2.7;-2.0
C136;1647212400;-3.1;-1.5
C136;1647216000;-2.8;-1.4
C136;1647219600;-2.6;-1.9
C136;1647223200;-2.6;-1.1
C136;1647226800;-2.0;-2.4
C136;1647230400;-2.5;-1.3
C136;1647234000;-2.8;-1.2
C136;1647237600;-2.0;-2.2
C136;1647241200;-2.9;-1.6
C136;1647244800;-2.8;-1.8
C136;1647248400;-2.7;-1.1
C136;1647252000;-1.9;-2.1
C136;1647255600;-2.8;-1.2
C136;1647259200;-3.0;-1.3
C136;1647262800;-2.3;-1.9
C136;1647266400;-2.7;-2.1
C136;1647270000;-2.3;-2.1
C136;1647273600;-2.8;-1.9
C136;1647277200;-3.1;-1.5
C136;1647280800;-2.6;-2.1
C136;1647446400;5.2;4.7
C136;1648123981;34.6;33.4
C136;1648126800;34.8;36.6
C136;1648130400;36.0;33.3
C136;1648134000;35.4;33.2
C136;1648137600;35.5;33.0
C136;1648141200;35.6;35.7
C136;1648144800;34.9;33.0
C136;1648148400;37.1;32.1
C136;1648152000;36.9;35.7
C136;1648155600;37.3;32.2
C136;1648159200;35.9;33.6
C136;1648162800;36.0;32.8
C136;1648166400;38.6;32.5
C136;1648170000;37.6;33.9
C136;1648173600;37.1;33.8
C136;1648177200;35.1;33.4
C136;1648180800;35.6;32.8
C136;1648184400;36.0;33.9
C136;1648188000;36.7;34.4
C136;1648191600;35.3;32.9
C136;1648195200;36.8;32.3
C136;1648198800;39.0;31.9
C136;1648202400;35.5;32.9
C136;1648206000;36.5;33.3
C136;1648209600;36.6;35.4
C136;1648213200;36.7;35.3
C136;1648216800;35.8;33.1
C136;1648220400;36.4;31.8
C136;1648224000;36.9;32.0
C136;1648227600;36.3;31.0
C136;1648231200;37.0;32.3
C136;1648234800;36.3;31.3
C136;1648238400;35.7;34.2
C136;1648242000;34.9;31.8
C136;1648245600;36.0;34.5
C136;1648249200;36.2;37.6
C136;1648252800;37.4;36.6
C136;1648256400;37.4;36.1
C136;1648260000;40.2;36.9
C136;1648263600;36.9;34.1
C136;1648267200;36.8;36.6
C136;1648270800;36.7;36.5
C136;1648274400;37.2;36.6
C136;1648278000;36.1;36.4
C136;1648281600;38.4;36.0
C136;1648285200;37.8;37.3
C136;1648288800;37.0;39.8
C136;1648292400;38.7;36.7
C136;1648296000;38.9;37.9
C136;1648299600;38.6;38.5
C136;1648303200;38.8;36.3
C136;1648306800;38.9;34.9
C136;1648310400;37.5;37.0
C136;1648314000;38.0;39.2
C136;1648317600;39.0;34.9
C136;1648321200;37.5;38.7
C136;1648324800;38.2;36.5
C136;1648328400;39.7;36.4
C136;1648332000;36.3;37.6
C136;1648335600;36.6;39.1
C136;1648339200;37.4;36.3
C136;1648342800;37.7;35.6
C136;1648346400;37.9;36.2
C136;1648350000;40.3;38.4
C136;1648353600;40.1;39.3
C136;1648357200;39.4;35.3
C136;1648360800;38.5;38.8
C136;1648364400;38.9;38.1
C136;1648368000;40.0;37.5
C136;1648371600;39.7;40.6
C136;1648375200;38.4;38.6
C136;1648378800;38.0;39.5
C136;1648382400;41.2;39.0
C136;1648386000;39.8;39.8
C136;1648389600;41.5;40.1
C136;1648393200;37.9;36.8
C136;1648396800;39.8;39.7
C136;1648400400;38.7;38.9
C136;1648404000;40.7;37.8
C136;1648407600;39.5;37.4
C136;1648411200;37.6;39.2
C136;1648414800;39.3;38.8
C136;1648418400;38.9;39.7
C136;1648422000;39.5;39.7
C136;1648425600;39.8;38.4
C136;1648429200;39.3;40.9
C136;1648432800;39.7;39.2
C136;1648436400;42.0;36.5
C136;1648440000;39.9;39.6
C136;1648443600;40.7;37.0
C136;1648447200;39.6;40.8
C136;1648450800;40.3;41.3
C136;1648454400;39.2;38.6
C136;1648458000;40.9;36.1
C136;1648461600;40.9;37.8
C136;1648465200;39.5;38.2
C136;1648468800;39.2;41.2
C136;1648472400;40.7;38.7
C136;1648476000;38.4;37.0
C136;1648479600;39.5;39.4
C136;1648483200;39.0;38.4
C136;1648486800;40.2;38.6
C136;1648490400;40.4;38.8
C136;1648494000;40.6;41.3
C136;1648497600;41.7;38.2
C136;1648501200;39.7;38.7
C136;1648504800;40.3;36.2
C136;1648508400;39.7;39.4
C136;1648512000;37.7;38.2
C136;1648515600;39.5;40.5
C136;1648519200;38.2;38.8
C136;1648522800;39.3;39.0
C136;1648526400;40.8;37.4
C136;1648530000;38.8;37.8
C136;1648533600;39.3;39.0
C136;1648537200;39.0;36.1
C136;1648540800;41.1;38.6
C136;1648544400;38.8;38.8
C136;1648548000;38.3;38.8
C136;1648551600;39.4;37.7
C136;1648555200;40.6;36.7
C136;1648558800;40.4;37.2
C136;1648562400;37.6;40.8
C136;1648566000;39.3;38.8
C136;1648569600;39.0;39.0
C136;1648573200;38.6;38.0
C136;1648576800;40.4;37.0
C136;1648580400;38.6;37.8
C136;1648584000;38.9;37.2
C136;1648587600;41.2;35.1
C136;1648591200;40.8;35.8
C136;1648594800;38.6;37.6
C136;1648598400;40.5;39.8
C136;1648602000;37.3;39.9
C136;1648605600;39.2;39.7
C136;1648609200;38.9;35.0
C136;1648612800;38.7;36.9
C136;1648616400;36.7;38.2
C136;1648620000;39.4;34.7
C136;1648623600;38.7;38.4
C136;1648627200;41.6;36.0
C136;1648630800;39.8;35.9
C136;1648634400;38.6;36.7
C136;1648638000;39.7;36.8
C136;1648641600;39.7;37.6
C136;1648645200;37.9;37.6
C136;1648648800;39.7;37.1
C136;1648652400;38.2;34.9
C136;1648656000;39.7;34.8
C136;1648659600;39.2;35.8
C136;1648663200;38.6;35.2
C136;1648666800;37.7;35.9
C136;1648670400;39.0;35.1
C136;1648674000;37.9;33.1
C136;1648677600;39.2;33.9
C136;1648681200;40.8;34.3
C136;1648684800;38.2;33.6
C136;1648688400;37.3;34.5
C136;1648692000;38.0;35.1
C136;1648695600;38.6;33.6
C136;1648699200;39.5;32.6
C136;1648702800;39.3;32.8
C136;1648706400;38.2;34.2
C136;1648710000;38.2;32.1
C136;1648713600;37.1;35.4
C136;1648717200;38.1;32.6
C136;1648720800;38.7;33.2
C136;1648724400;39.6;33.2
C136;1648728000;39.3;31.1
C136;1648731600;39.4;31.0
C136;1648735200;39.0;29.5
C136;1648738800;38.0;29.6
C136;1648742400;38.8;29.3
C136;1648746000;38.6;29.3
C136;1648749600;38.6;27.7
C136;1648753200;39.2;27.8
C136;1648756800;38.6;27.6
C136;1648760400;38.7;27.8
C136;1648764000;37.1;29.2
C136;1648767600;38.3;26.7
C136;1648771200;41.0;26.6
C136;1648774800;38.3;29.0
C136;1648778400;38.9;27.7
C136;1648782000;38.7;28.9
C136;1648785600;38.2;27.0
C136;1648789200;37.9;27.1
C136;1648792800;37.1;28.6
C136;1648796400;37.9;28.8
C136;1648800000;36.6;27.2
C136;1648803600;38.2;28.1
C136;1648807200;39.6;28.5
C136;1648810800;38.1;28.9
C136;1648814400;37.9;27.5
C136;1648818000;37.6;26.7
C136;1648821600;37.2;27.5
C136;1648825200;37.5;27.2
C136;1648828800;37.7;26.3
C136;1648832400;38.7;25.8
C136;1648836000;38.7;24.0
C136;1648839600;37.6;25.0
C136;1648843200;38.2;25.3
C136;1648846800;35.8;24.6
C136;1648850400;38.7;24.2
C136;1648854000;37.7;24.7
C136;1648857600;37.6;25.0
C136;1648861200;37.6;23.6
C136;1648864800;36.9;25.9
C136;1648868400;38.9;25.6
C136;1648872000;36.7;26.5
C136;1648875600;35.8;26.4
C136;1648879200;38.3;25.3
C136;1648882800;39.6;25.6
C136;1648886400;37.7;24.0
C136;1648890000;36.6;26.4
C136;1648893600;36.8;25.0
C136;1648897200;36.9;24.8
C136;1648900800;37.7;25.4
C136;1648904400;36.6;25.4
C136;1648908000;37.1;24.3
C136;1648911600;37.1;25.7
C136;1648915200;37.2;23.5
C136;1648918800;37.5;24.4
C136;1648922400;36.0;22.6
C136;1648926000;38.1;22.6
C136;1648929600;38.2;23.7
C136;1648933200;35.2;25.0
C136;1648936800;37.1;22.6
C136;1648940400;38.3;22.7
C136;1648944000;38.7;23.5
C136;1648947600;35.3;23.8
C136;1648951200;35.3;23.0
C136;1648954800;38.7;24.6
C136;1648958400;38.0;23.2
C136;1648962000;36.9;23.0
C136;1648965600;36.5;22.1
C136;1648969200;35.6;24.8
C136;1648972800;35.6;23.8
C136;1648976400;36.3;23.5
C136;1648980000;38.4;24.8
C136;1648983600;34.9;25.1
C136;1648987200;39.6;22.5
C136;1648990800;35.9;24.6
C136;1648994400;36.4;24.6
C136;1648998000;38.1;22.9
C136;1649001600;35.1;25.1
C136;1649005200;37.1;24.6
C136;1649008800;39.4;25.3
C136;1649012400;36.8;24.3
C136;1649016000;36.9;23.8
C136;1649019600;36.9;25.2
C136;1649023200;39.7;25.0
C136;1649026800;38.5;23.7
C136;1649030400;38.5;24.1
C136;1649034000;36.9;25.1
C136;1649037600;39.3;25.8
C136;1649041200;38.2;24.5
C136;1649044800;38.9;23.9
C136;1649048400;35.6;25.7
C136;1649052000;39.2;23.4
C136;1649055600;38.1;24.3
C136;1649059200;38.2;25.8
C136;1649062800;36.7;37.0
C136;1649066400;36.0;35.5
C136;1649070000;40.4;33.6
C136;1649073600;39.3;34.7
C136;1649077200;39.5;33.9
C136;1649080800;38.8;37.0
C136;1649084400;37.8;33.7
C136;1649088000;39.5;35.7
C136;1649091600;38.5;35.3
C136;1649095200;39.4;32.8
C136;1649098800;40.6;35.6
C136;1649102400;38.1;35.6
C136;1649106000;38.6;33.4
C136;1649109600;38.2;35.9
C136;1649113200;38.1;36.2
C136;1649116800;35.7;33.3
C136;1649120400;38.7;34.7
C136;1649124000;39.7;35.3
C136;1649127600;40.4;33.7
C136;1649131200;38.1;33.2
C136;1649134800;37.3;35.9
C136;1649138400;37.7;34.7
C136;1649142000;37.7;34.9
C136;1649145600;36.8;35.9
C136;1649149200;39.2;37.7
C136;1649152800;36.4;35.1
C136;1649156400;38.2;35.4
C136;1649160000;40.0;33.9
C136;1649163600;38.5;36.9
C136;1649167200;37.5;33.3
C136;1649170800;37.1;37.7
C136;1649174400;37.7;33.9
C136;1649178000;38.8;36.3
C136;1649181600;38.3;34.7
C136;1649185200;37.4;34.5
C136;1649188800;37.8;37.4
C136;1649192400;37.2;34.0
C136;1649196000;37.8;34.7
C136;1649199600;37.5;35.5
C136;1649203200;37.6;38.6
C136;1649206800;39.1;38.8
C136;1649210400;37.5;35.4
C136;1649214000;38.2;39.5
C136;1649217600;39.4;38.4
C136;1649221200;40.8;37.4
C136;1649224800;40.0;37.4
C136;1649228400;38.5;39.9
C136;1649232000;39.5;38.6
C136;1649235600;38.6;37.7
C136;1649239200;38.2;39.4
C136;1649242800;39.9;37.8
C136;1649246400;38.3;35.3
C136;1649250000;38.5;36.8
C136;1649253600;39.0;36.3
C136;1649257200;38.1;37.9
C136;1649260800;38.4;37.5
C136;1649264400;39.6;35.6
C136;1649268000;38.5;36.0
C136;1649271600;38.2;36.6
C136;1649275200;37.7;35.0
C136;1649278800;38.9;37.7
C136;1649282400;38.3;38.3
C136;1649286000;39.0;34.2
C136;1649289600;38.9;35.1
C136;1649293200;39.0;36.2
C136;1649296800;38.7;37.1
C136;1649300400;39.7;38.3
C136;1649304000;37.7;35.6
C136;1649307600;38.8;36.0
C136;1649311200;39.7;38.1
C136;1649314800;37.3;38.5
C136;1649318400;37.6;37.0
C136;1649322000;38.9;37.1
C136;1649325600;39.2;37.4
C136;1649329200;40.1;35.0
C136;1649332800;37.9;37.5
C136;1649336400;38.1;38.9
C136;1649340000;38.9;34.7
C136;1649343600;37.9;37.9
C136;1649347200;39.3;37.4
C136;1649350800;39.3;35.5
C136;1649354400;39.5;38.7
C136;1649358000;40.1;37.3
C136;1649361600;36.6;38.6
C136;1649365200;38.0;36.1
C136;1649368800;40.5;35.2
C136;1649372400;40.1;34.1
C136;1649376000;38.1;35.9
C136;1649379600;37.9;37.2
C136;1649383200;40.8;35.3
C136;1649386800;39.2;35.5
C136;1649390400;39.6;35.6
C136;1649394000;38.1;36.5
C136;1649397600;38.2;34.9
C136;1649401200;39.5;34.7
C136;1649404800;39.0;38.0
C136;1649408400;39.3;34.5
C136;1649412000;39.5;35.5
C136;1649415600;39.4;34.5
C136;1649419200;37.4;36.5
C136;1649422800;37.1;35.2
C136;1649426400;40.1;35.3
C136;1649430000;39.0;36.0
C136;1649433600;39.6;38.2
C136;1649437200;39.8;36.7
C136;1649440800;38.3;37.9
C136;1649444400;39.1;37.1
C136;1649448000;40.8;37.6
C136;1649451600;39.0;37.1
C136;1649455200;39.0;37.9
C136;1649458800;36.2;39.3
C136;1649462400;36.9;35.3
C136;1649466000;39.0;37.3
C136;1649469600;38.9;36.6
C136;1649473200;39.2;36.1
C136;1649476800;36.4;38.3
C136;1649480400;40.1;35.9
C136;1649484000;40.7;34.6
C136;1649487600;39.7;35.1
C136;1649491200;38.0;36.4
C136;1649494800;38.9;37.9
C136;1649498400;37.8;35.2
C136;1649502000;37.3;36.4
C136;1649505600;39.2;35.3
C136;1649509200;37.6;38.1
C136;1649512800;38.7;36.2
C136;1649516400;39.1;34.2
C136;1649520000;37.9;33.8
C136;1649523600;40.1;34.9
C136;1649527200;40.4;35.3
C136;1649530800;37.7;34.6
C136;1649534400;38.8;36.3
C136;1649538000;38.6;34.2
C136;1649541600;38.8;34.8
C136;1649545200;37.9;33.9
C136;1649548800;38.3;36.8
C136;1649552400;38.2;35.6
C136;1649556000;40.3;32.8
C136;1649559600;39.0;33.6
C136;1649563200;38.0;32.7
C136;1649566800;37.1;36.4
C136;1649570400;38.6;35.1
C136;1649574000;37.7;34.2
C136;1649577600;40.8;35.2
C136;1649581200;39.6;34.3
C136;1649584800;37.9;34.8
C136;1649588400;39.4;32.8
C136;1649592000;37.5;34.7
C136;1649595600;39.2;31.4
C136;1649599200;38.3;31.8
C136;1649602800;39.3;31.2
C136;1649606400;38.8;29.0
C136;1649610000;38.9;30.3
C136;1649613600;39.2;28.7
C136;1649617200;39.3;29.6
C136;1649620800;38.9;27.6
C136;1649624400;36.5;28.9
C136;1649628000;39.8;28.4
C136;1649631600;38.7;28.9
C136;1649635200;37.1;30.6
C136;1649638800;36.8;28.6
C136;1649642400;37.6;29.0
C136;1649646000;39.2;27.6
C136;1649649600;38.7;28.4
C136;1649653200;36.9;28.2
C136;1649656800;36.4;30.1
C136;1649660400;39.2;28.7
C136;1649664000;37.1;27.7
C136;1649667600;37.4;28.6
C136;1649671200;38.6;27.2
C136;1649674800;38.5;29.7
C136;1649678400;38.4;28.1
C136;1649682000;38.8;26.7
C136;1649685600;38.9;28.0
C136;1649689200;37.9;27.2
C136;1649692800;38.4;28.3
C136;1649696400;37.7;30.1
C136;1649700000;38.8;32.1
C136;1649703600;38.7;31.2
C136;1649707200;39.5;31.4
C136;1649710800;39.7;31.3
C136;1649714400;38.2;30.5
C136;1649718000;40.0;29.5
C136;1649721600;38.8;33.4
C136;1649725200;39.0;30.0
C136;1649728800;37.2;31.9
C136;1649732400;36.1;32.3
C136;1649736000;38.7;33.3
C136;1649739600;38.7;29.6
C136;1649743200;37.1;30.5
C136;1649746800;36.4;30.7
C136;1649750400;36.9;32.9
C136;1649754000;36.6;31.1
C136;1649757600;10.7;9.5
C136;1649761200;38.5;31.7
C136;1649764800;37.3;31.4
C136;1649768400;37.3;31.5
C136;1649772000;38.7;31.2
C136;1649775600;37.0;30.9
C136;1649779200;38.7;30.4
C136;1649782800;36.8;31.4
C136;1649786400;37.1;30.7
C136;1649790000;38.1;29.3
C136;1649793600;36.0;28.7
C136;1649797200;37.8;28.5
C136;1649800800;36.6;27.9
C136;1649804400;39.3;28.4
C136;1649808000;36.4;28.1
C136;1649811600;35.6;27.3
C136;1649815200;37.4;26.8
C136;1649818800;37.2;26.7
C136;1649822400;37.3;27.4
C136;1649826000;38.2;27.0
C136;1649829600;37.6;28.7
C136;1649833200;39.0;27.4
C136;1649836800;36.9;29.4
C136;1649840400;37.5;29.4
C136;1649844000;38.1;27.4
C136;1649847600;37.0;26.9
C136;1649851200;38.4;26.4
C136;1649854800;36.4;27.0
C136;1649858400;38.4;25.5
C136;1649862000;37.1;25.9
C136;1649865600;38.3;24.0
C136;1649869200;37.2;25.4
C136;1649872800;37.3;26.3
C136;1649876400;36.5;24.2
C136;1649880000;37.5;24.2
C136;1649883600;39.7;23.9
C136;1649887200;37.7;24.1
C136;1649890800;35.3;26.2
C136;1649894400;38.0;23.3
C136;1649898000;37.1;24.5
C136;1649901600;38.7;24.0
C136;1649905200;35.6;24.0
C136;1649908800;40.0;23.6
C136;1649912400;38.2;26.1
C136;1649916000;39.5;24.4
C136;1649919600;37.1;24.2
C136;1649923200;38.1;25.9
C136;1649926800;36.2;23.2
C136;1649930400;36.6;23.4
C136;1649934000;37.0;23.8
C136;1649937600;37.1;22.4
C136;1649941200;37.6;21.4
C136;1649944800;37.2;23.1
C136;1649948400;38.8;22.4
C136;1649952000;37.2;24.6
C136;1649955600;35.8;24.7
C136;1649959200;35.7;24.2
C136;1649962800;35.9;25.0
C136;1649966400;37.3;23.8
C136;1649970000;37.6;24.0
C136;1649973600;38.1;25.3
C136;1649977200;35.9;22.4
C136;1649980800;36.5;23.9
C136;1649984400;36.9;24.1
C136;1649988000;37.5;23.9
C136;1649991600;37.7;22.7
C136;1649995200;35.1;25.1
C136;1649998800;36.3;24.8
C136;1650002400;37.1;24.3
C136;1650006000;37.8;24.7
C136;1650009600;37.3;23.4
C136;1650013200;37.6;23.5
C136;1650016800;36.0;23.4
C136;1650020400;37.7;22.9
C136;1650024000;36.9;24.5
C136;1650027600;37.3;23.3
C136;1650031200;36.3;25.1
C136;1650034800;37.8;22.2
C136;1650038400;37.7;22.1
C136;1650042000;35.5;23.6
C136;1650045600;36.5;21.9
C136;1650049200;35.6;23.6
C136;1650052800;35.6;21.5
C136;1650056400;37.4;22.6
C136;1650060000;38.4;21.7
C136;1650063600;34.8;22.9
C136;1650067200;38.0;22.3
C136;1650070800;37.1;22.5
C136;1650074400;37.7;22.1
C136;1650078000;36.7;23.0
C136;1650081600;37.1;22.8
C136;1650085200;38.3;23.0
C136;1650088800;38.9;24.1
C136;1650092400;38.2;22.4
C136;1650096000;38.4;23.8
C136;1650099600;37.1;23.2
C136;1650103200;35.9;23.0
C136;1650106800;35.7;24.9
C136;1650110400;37.0;23.2
C136;1650114000;37.6;22.8
C136;1650117600;35.9;22.5
C136;1650121200;38.0;35.8
C136;1650124800;39.2;36.0
C136;1650128400;39.2;35.8
C136;1650132000;37.3;36.5
C136;1650135600;38.1;38.8
C136;1650139200;40.6;35.9
C136;1650142800;38.9;38.2
C136;1650146400;39.0;38.5
C136;1650150000;38.7;35.0
C136;1650153600;39.2;37.7
C136;1650157200;39.8;36.6
C136;1650160800;36.6;33.8
C136;1650164400;37.4;37.1
C136;1650168000;39.3;34.0
C136;1650171600;36.9;34.1
C136;1650175200;40.4;37.2
C136;1650178800;39.2;37.1
C136;1650182400;39.5;35.3
C136;1650186000;40.2;33.8
C136;1650189600;37.9;38.1
C136;1650193200;38.0;35.2
C136;1650196800;37.7;34.9
C136;1650200400;37.4;34.6
C136;1650204000;38.1;36.8
C136;1650207600;36.9;36.8
C136;1650211200;38.8;34.6
C136;1650214800;38.6;34.5
C136;1650218400;37.8;33.6
C136;1650222000;38.7;31.5
C136;1650225600;36.5;34.9
C136;1650229200;37.8;32.6
C136;1650232800;37.5;32.6
C136;1650236400;38.4;32.6
C136;1650240000;40.3;32.4
C136;1650243600;39.4;30.9
C136;1650247200;36.0;30.5
C136;1650250800;36.3;31.4
C136;1650254400;37.0;33.0
C136;1650258000;38.6;32.8
C136;1650261600;36.5;30.9
C136;1650265200;36.4;32.0
C136;1650268800;37.6;33.5
C136;1650272400;40.2;30.1
C136;1650276000;37.2;33.2
C136;1650279600;39.3;31.2
C136;1650283200;38.1;32.1
C136;1650286800;38.1;30.9
C136;1650290400;38.1;31.0
C136;1650294000;38.4;31.0
C136;1650297600;37.8;31.4
C136;1650301200;38.6;29.7
C136;1650304800;36.9;31.5
C136;1650308400;36.4;29.9
C136;1650312000;37.8;30.2
C136;1650315600;37.8;31.3
C136;1650319200;37.1;32.6
C136;1650322800;36.3;33.9
C136;1650326400;37.8;32.9
C136;1650330000;37.3;33.2
C136;1650333600;38.0;32.8
C136;1650337200;39.5;32.5
C136;1650340800;38.8;32.3
C136;1650344400;36.9;34.8
C136;1650348000;37.9;33.6
C136;1650351600;37.6;31.3
C136;1650355200;37.4;33.5
C136;1650358800;38.6;31.6
C136;1650362400;36.9;32.5
C136;1650366000;38.6;31.8
C136;1650369600;37.3;31.9
C136;1650373200;36.5;34.0
C136;1650376800;38.1;31.5
C136;1650380400;38.8;32.4
C136;1650384000;36.4;30.7
C136;1650387600;40.0;29.8
C136;1650391200;37.1;29.5
C136;1650394800;38.0;28.7
C136;1650398400;37.5;30.0
C136;1650402000;38.9;28.5
C136;1650405600;36.6;29.2
C136;1650409200;37.8;31.4
C136;1650412800;38.4;29.5
C136;1650416400;38.4;29.2
C136;1650420000;37.6;29.5
C136;1650423600;37.6;30.3
C136;1650427200;38.7;29.9
C136;1650430800;36.6;30.6
C136;1650434400;36.2;37.7
C136;1650438000;36.3;37.9
C136;1650441600;36.9;34.9
C136;1650445200;36.8;35.9
C136;1650448800;37.6;37.4
C136;1650452400;39.9;36.0
C136;1650459600;36.3;38.3
C136;1650463200;38.6;38.2
C136;1650466800;39.1;37.8
C136;1650470400;38.9;38.1
C136;1650474000;39.8;36.2
C136;1650477600;37.6;36.4
C136;1650481200;38.1;36.3
C136;1650484800;38.3;36.1
C136;1650488400;39.3;36.9
C136;1650492000;38.9;36.9
C136;1650495600;37.6;39.1
C136;1650499200;39.5;38.4
C136;1650502800;36.3;36.5
C136;1650506400;38.8;37.3
C136;1650510000;39.8;35.7
C136;1650513600;37.1;36.3
C136;1650517200;38.7;37.0
C136;1650520800;37.8;36.0
C136;1650524400;39.1;37.1
C136;1650528000;38.3;35.9
C136;1650531600;40.5;36.1
C136;1650535200;37.3;38.3
C136;1650538800;39.4;37.4
C136;1650542400;38.2;35.6
C136;1650546000;39.2;37.0
C136;1650549600;39.4;36.5
C136;1650553200;36.9;37.5
C136;1650556800;37.7;35.3
C136;1650560400;39.2;36.6
C136;1650564000;39.0;36.5
C136;1650567600;38.1;35.2
C136;1650571200;36.1;37.5
C136;1650574800;38.6;36.7
C136;1650578400;36.5;36.8
C136;1650582000;39.7;34.5
C136;1650585600;38.4;34.5
C136;1650589200;40.0;34.0
C136;1650592800;39.0;36.9
C136;1650596400;38.2;38.6
C136;1650600000;36.0;35.8
C136;1650603600;38.7;39.5
C136;1650607200;39.8;40.1
C136;1650610800;38.8;37.4
C136;1650614400;37.0;38.1
C136;1650618000;40.1;37.6
C136;1650621600;39.2;37.7
C136;1650625200;38.5;38.3
C136;1650628800;39.3;39.7
C136;1650632400;39.6;38.1
C136;1650636000;37.7;38.8
C136;1650639600;39.5;37.6
C136;1650643200;39.3;35.2
C136;1650646800;37.9;33.8
C136;1650650400;39.0;36.8
C136;1650654000;39.5;35.6
C136;1650657600;38.2;33.5
C136;1650661200;40.0;36.1
C136;1650664800;38.5;35.1
C136;1650668400;39.2;34.5
C136;1650672000;36.0;36.4
C136;1650675600;37.8;34.9
C136;1650679200;38.6;33.9
C136;1650682800;37.1;34.6
C136;1650686400;37.5;35.4
C136;1650690000;40.2;35.6
C136;1650693600;38.9;32.9
C136;1650697200;39.4;34.5
C136;1650700800;37.9;34.5
C136;1650704400;38.7;36.8
C136;1650708000;39.0;35.9
C136;1650711600;38.7;34.7
C136;1650715200;39.3;35.5
C136;1650718800;38.1;34.6
C136;1650722400;37.4;35.0
C136;1650726000;37.3;33.2
C136;1650729600;39.2;33.6
C136;1650733200;37.7;33.6
C136;1650736800;37.9;34.5
C136;1650740400;39.1;32.4
C136;1650744000;39.1;32.8
C136;1650747600;37.5;34.5
C136;1650751200;38.8;32.5
C136;1650754800;39.0;32.8
C136;1650758400;39.4;31.2
C136;1650762000;40.0;30.6
C136;1650765600;39.8;33.0
C136;1650769200;37.6;30.4
C136;1650772800;37.7;34.3
C136;1650776400;39.0;32.1
C136;1650780000;38.9;34.9
C136;1650783600;36.9;36.6
C136;1650787200;39.2;37.7
C136;1650790800;38.1;36.5
C136;1650794400;36.9;35.4
C136;1650798000;37.0;38.8
C136;1650801600;38.7;36.8
C136;1650805200;39.0;38.9
C136;1650808800;39.2;36.8
C136;1650812400;38.4;35.1
C136;1650816000;37.7;37.5
C136;1650819600;37.4;38.5
C136;1650823200;39.5;36.1
C136;1650826800;39.2;37.0
C136;1650830400;39.5;35.9
C136;1650834000;39.0;37.1
C136;1650837600;38.2;36.0
C136;1650841200;37.1;37.0
C136;1650844800;37.3;38.3
C136;1650848400;39.6;37.7
C136;1650852000;39.4;35.9
C136;1650855600;39.2;40.2
C136;1650859200;40.6;36.1
C136;1650862800;39.0;35.8
C136;1650866400;40.5;39.3
C136;1650870000;41.7;38.9
C136;1650873600;40.3;39.4
C136;1650877200;42.8;38.1
C136;1650880800;42.0;38.7
C136;1650884400;41.7;36.6
C136;1650888000;41.5;36.8
C136;1650891600;39.5;38.7
C136;1650895200;40.8;38.8
C136;1650898800;40.1;38.2
C136;1650902400;40.1;37.0
C136;1650906000;41.0;36.3
C136;1650909600;41.1;38.9
C136;1650913200;41.3;35.1
C136;1650916800;41.9;35.6
C136;1650920400;41.7;36.3
C136;1650924000;40.1;35.5
C136;1650927600;40.1;34.5
C136;1650931200;37.9;34.6
C136;1650934800;39.9;35.8
C136;1650938400;36.8;34.3
C136;1650942000;37.7;38.5
C136;1650945600;38.6;35.0
C136;1650949200;39.5;36.0
C136;1650952800;40.3;37.1
C136;1650956400;36.9;38.2
C136;1650960000;38.7;35.8
C136;1650963600;39.6;35.1
C136;1650967200;38.5;35.1
C136;1650970800;39.0;34.9
C136;1650974400;37.9;33.6
C136;1650978000;37.5;34.5
C136;1650981600;38.8;32.8
C136;1650985200;39.4;33.2
C136;1650988800;38.6;32.8
C136;1650992400;38.0;32.8
C136;1650996000;39.7;31.5
C136;1650999600;37.5;31.0
C136;1651003200;36.9;30.4
C136;1651006800;38.5;28.6
C136;1651010400;39.3;30.6
C136;1651014000;39.2;32.9
C136;1651017600;39.7;31.2
C136;1651021200;38.4;30.8
C136;1651024800;39.3;33.0
C136;1651028400;38.2;33.6
C136;1651032000;39.8;31.3
C136;1651035600;39.4;32.8
C136;1651039200;39.9;32.5
C136;1651042800;38.1;33.5
C136;1651046400;40.0;33.0
C136;1651050000;39.3;32.4
C136;1651053600;37.0;33.8
C136;1651057200;37.8;34.8
C136;1651060800;37.6;36.9
C136;1651064400;37.2;33.0
C136;1651068000;38.4;36.1
C136;1651071600;38.1;34.1
C136;1651075200;40.0;34.4
C136;1651078800;37.7;35.3
C136;1651082400;39.7;37.2
C136;1651086000;38.4;35.5
C136;1651089600;39.2;36.1
C136;1651093200;36.8;33.2
C136;1651096800;39.7;35.6
C136;1651100400;38.5;35.3
C136;1651104000;39.0;35.9
C136;1651107600;39.2;34.9
C136;1651111200;39.6;33.3
C136;1651114800;39.0;35.1
C136;1651118400;36.1;32.5
C136;1651122000;38.6;35.9
C136;1651125600;38.8;34.6
C136;1651129200;40.1;33.9
C136;1651132800;39.8;33.4
C136;1651136400;39.3;32.0
C136;1651140000;37.4;35.5
C136;1651143600;37.0;31.9
C136;1651147200;38.2;35.4
C136;1651150800;39.1;33.6
C136;1651154400;38.8;33.6
C136;1651158000;37.9;31.3
C136;1651161600;38.9;33.0
C136;1651165200;37.9;31.5
C136;1651168800;37.6;30.6
C136;1651172400;37.5;32.9
C136;1651176000;38.1;30.0
C136;1651179600;40.0;30.5
C136;1651183200;38.9;29.6
C136;1651186800;38.2;32.4
C136;1651190400;37.2;33.2
C136;1651194000;37.6;31.7
C136;1651197600;36.7;34.3
C136;1651201200;38.1;36.6
C136;1651204800;37.7;35.0
C136;1651208400;38.1;35.1
C136;1651212000;40.1;38.5
C136;1651215600;40.3;37.6
C136;1651219200;40.0;38.1
C136;1651222800;39.7;37.6
C136;1651226400;38.7;40.5
C136;1651230000;39.9;38.8
C136;1651233600;41.8;38.9
C136;1651237200;41.0;37.9
C136;1651240800;40.4;37.5
C136;1651244400;39.2;36.7
C136;1651248000;40.8;36.5
C136;1651251600;40.3;37.7
C136;1651255200;41.2;36.8
C136;1651258800;40.9;37.1
C136;1651262400;38.3;36.8
C136;1651266000;40.1;35.9
C136;1651269600;41.4;36.9
C136;1651273200;40.6;39.3
C136;1651276800;41.6;37.3
C136;1651280400;39.0;39.3
C136;1651284000;38.7;36.5
C136;1651287600;40.6;37.3
C136;1651291200;38.2;38.0
C136;1651294800;41.2;34.8
C136;1651298400;38.7;38.0
C136;1651302000;40.5;35.0
C136;1651305600;40.0;36.0
C136;1651309200;39.4;36.5
C136;1651312800;40.0;36.9
C136;1651316400;38.8;37.6
C136;1651320000;39.5;37.8
C136;1651323600;40.0;38.7
C136;1651327200;39.4;40.0
C136;1651330800;40.1;36.9
C136;1651334400;40.4;38.3
C136;1651338000;39.3;37.1
C136;1651341600;40.1;39.4
C136;1651345200;41.2;37.9
C136;1651348800;41.3;36.2
C136;1651352400;39.8;37.8
C136;1651356000;39.9;37.6
C136;1651359600;37.4;37.9
C136;1651363200;39.7;38.2
C136;1651366800;41.5;35.2
C136;1651370400;40.1;37.1
C136;1651374000;39.3;37.3
C136;1651377600;40.4;37.1
C136;1651381200;38.2;36.0
C136;1651384800;39.7;37.0
C136;1651388400;38.9;38.2
C136;1651392000;38.6;35.4
C136;1651395600;39.5;38.2
C136;1651399200;39.9;36.9
C136;1651402800;39.7;36.0
C136;1651406400;39.6;37.1
C136;1651410000;39.8;35.7
C136;1651413600;38.3;36.6
C136;1651417200;38.6;34.6
C136;1651420800;38.2;31.5
C136;1651424400;37.9;35.4
C136;1651428000;37.8;33.3
C136;1651431600;37.4;34.5
C136;1651435200;36.9;34.7
C136;1651438800;38.5;33.1
C136;1651442400;37.1;30.6
C136;1651446000;38.9;32.5
C136;1651449600;39.3;33.7
C136;1651453200;38.5;30.7
C136;1651456800;37.0;32.0
C136;1651460400;37.7;33.9
C136;1651464000;38.9;31.3
C136;1651467600;39.7;34.4
C136;1651471200;39.2;33.1
C136;1651474800;38.6;31.5
C136;1651478400;39.4;31.1
C136;1651482000;39.5;32.5
C136;1651485600;39.2;31.7
C136;1651489200;38.4;32.8
C136;1651492800;38.2;31.5
C136;1651496400;37.4;31.9
C136;1651500000;39.0;29.0
C136;1651503600;37.9;29.5
C136;1651507200;37.9;29.8
C136;1651510800;37.7;31.6
C136;1651514400;39.7;30.1
C136;1651518000;39.9;29.5
C136;1651521600;37.2;30.9
C136;1651525200;38.2;28.6
C136;1651528800;40.6;29.7
C136;1651532400;38.5;29.5
C136;1651536000;39.6;29.1
C136;1651539600;35.9;28.2
C136;1651543200;38.5;30.9
C136;1651546800;38.5;29.4
C136;1651550400;39.2;27.4
C136;1651554000;38.5;28.0
C136;1651557600;40.6;27.5
C136;1651561200;40.5;31.0
C136;1651564800;38.0;30.2
C136;1651568400;38.1;29.7
C136;1651572000;38.1;28.0
C136;1651575600;36.9;26.5
C136;1651579200;37.8;28.5
C136;1651582800;37.0;28.0
C136;1651586400;37.6;25.4
C136;1651590000;38.3;25.7
C136;1651593600;39.0;24.0
C136;1651597200;38.3;23.7
C136;1651600800;37.1;22.5
C136;1651604400;37.0;22.3
C136;1651608000;37.4;23.4
C136;1651611600;37.3;24.0
C136;1651615200;37.4;23.9
C136;1651618800;37.9;23.0
C136;1651622400;38.1;24.1
C136;1651626000;36.2;23.4
C136;1651629600;37.4;24.0
C136;1651633200;37.3;23.1
C136;1651636800;37.9;23.1
C136;1651640400;38.3;25.1
C136;1651644000;37.7;23.0
C136;1651647600;38.0;24.2
C136;1651651200;37.8;23.5
C136;1651654800;38.6;23.4
C136;1651658400;36.4;25.0
C136;1651662000;36.3;23.3
C136;1651665600;36.9;22.0
C136;1651669200;36.9;22.3
C136;1651672800;37.3;20.7
C136;1651676400;37.4;19.9
C136;1651680000;7.9;7.5
C136;1651683600;5.4;5.2
C136;1651687200;37.0;20.9
C136;1651690800;37.4;18.7
C136;1651694400;39.7;18.5
C136;1651698000;37.5;19.8
C136;1651701600;37.1;19.5
C136;1651705200;36.9;20.5
C136;1651708800;37.7;20.1
C136;1651712400;35.9;20.0
C136;1651716000;37.8;20.7
C136;1651719600;37.7;38.9
C136;1651723200;40.0;40.5
C136;1651726800;39.0;37.3
C136;1651730400;39.3;40.3
C136;1651734000;39.4;38.7
C136;1651737600;40.1;37.0
C136;1651741200;39.1;40.9
C136;1651744800;37.6;39.2
C136;1651748400;39.9;39.5
C136;1651752000;39.7;37.3
C136;1651755600;40.0;40.1
C136;1651759200;39.6;39.0
C136;1651762800;40.3;40.5
C136;1651766400;39.6;38.3
C136;1651770000;39.8;38.8
C136;1651773600;39.1;39.2
C136;1651777200;39.7;39.7
C136;1651780800;40.1;38.2
C136;1651784400;40.2;38.2
C136;1651788000;40.0;38.2
C136;1651791600;40.0;36.9
C136;1651795200;36.9;35.6
C136;1651798800;40.4;38.4
C136;1651802400;39.0;38.5
C136;1651806000;40.6;38.1
C136;1651809600;41.4;37.1
C136;1651813200;40.6;37.7
C136;1651816800;41.2;37.5
C136;1651820400;37.3;39.2
C136;1651824000;39.3;35.9
C136;1651827600;37.7;35.6
C136;1651831200;37.3;38.1
C136;1651834800;39.4;34.2
C136;1651838400;38.9;34.7
C136;1651842000;39.7;35.1
C136;1651845600;39.7;36.2
C136;1651849200;39.0;38.7
C136;1651852800;39.5;37.4
C136;1651856400;39.2;39.2
C136;1651860000;37.5;38.8
C136;1651863600;39.2;38.0
C136;1651867200;37.1;38.8
C136;1651870800;40.1;38.2
C136;1651874400;38.7;36.2
C136;1651878000;37.9;38.9
C136;1651881600;36.5;36.3
C136;1651885200;39.8;37.6
C136;1651888800;39.3;38.2
C136;1651892400;40.8;37.3
C136;1651896000;39.8;39.9
C136;1651899600;40.9;40.7
C136;1651903200;38.6;37.9
C136;1651906800;40.5;41.4
C136;1651910400;41.1;39.0
C136;1651914000;40.2;39.5
C136;1651917600;37.8;37.6
C136;1651921200;41.8;39.0
C136;1651924800;37.8;38.1
C136;1651928400;41.2;43.7
C136;1651932000;41.3;40.6
C136;1651935600;39.2;40.7
C136;1651939200;41.4;38.9
C136;1651942800;41.4;42.1
C136;1651946400;40.1;39.5
C136;1651950000;39.5;38.9
C136;1651953600;42.0;38.2
C136;1651957200;41.9;38.9
C136;1651960800;38.9;37.9
C136;1651964400;40.9;39.0
C136;1651968000;39.0;41.2
C136;1651971600;41.1;38.3
C136;1651975200;40.2;40.8
C136;1651978800;40.6;39.0
C136;1651982400;38.3;40.9
C136;1651986000;40.2;37.8
C136;1651989600;40.3;38.8
C136;1651993200;40.6;37.7
C136;1651996800;39.9;38.3
C136;1652000400;40.8;39.2
C136;1652004000;40.0;38.1
C136;1652007600;40.9;35.8
C136;1652011200;40.2;39.0
C136;1652014800;38.9;36.8
C136;1652018400;40.2;38.2
C136;1652022000;39.8;37.9
C136;1652025600;40.1;38.2
C136;1652029200;39.7;36.7
C136;1652032800;40.8;35.6
C136;1652036400;40.2;37.8
C136;1652040000;41.2;36.4
C136;1652043600;40.6;38.2
C136;1652047200;40.9;36.5
C136;1652050800;38.9;35.9
C136;1652054400;36.8;36.5
C136;1652058000;40.9;35.1
C136;1652061600;39.4;36.7
C136;1652065200;37.5;37.0
C136;1652068800;39.7;35.3
C136;1652072400;39.3;37.9
C136;1652076000;37.3;38.2
C136;1652079600;38.7;37.1
C136;1652083200;40.9;36.0
C136;1652086800;37.8;35.6
C136;1652090400;40.1;34.2
C136;1652094000;39.5;33.3
C136;1652097600;38.4;34.7
C136;1652101200;39.0;34.3
C136;1652104800;39.7;34.9
C136;1652108400;39.3;35.2
C136;1652112000;39.6;31.9
C136;1652115600;37.6;34.6
C136;1652119200;40.2;34.2
C136;1652122800;39.4;34.0
C136;1652126400;38.6;33.4
C136;1652130000;36.8;32.0
C136;1652133600;39.5;33.6
C136;1652137200;37.4;31.9
C136;1652140800;36.8;32.1
C136;1652144400;38.8;33.9
C136;1652148000;40.1;31.4
C136;1652151600;37.8;31.9
C136;1652155200;37.5;30.8
C136;1652158800;39.7;32.7
C136;1652162400;37.4;33.4
C136;1652166000;39.5;30.7
C136;1652169600;37.2;34.8
C136;1652173200;39.6;33.0
C136;1652176800;38.2;32.4
C136;1652180400;39.6;32.7
C136;1652184000;39.3;29.7
C136;1652187600;38.4;32.8
C136;1652191200;39.3;29.2
C136;1652194800;38.1;28.8
C136;1652198400;39.0;28.6
C136;1652202000;37.3;29.0
C136;1652205600;39.2;31.6
C136;1652209200;38.6;31.3
C136;1652212800;40.2;29.1
C136;1652216400;39.0;30.0
C136;1652220000;40.1;31.6
C136;1652223600;38.2;31.7
C136;1652227200;36.6;30.9
C136;1652230800;37.4;32.5
C136;1652234400;39.4;32.5
C136;1652238000;36.3;29.8
C136;1652241600;39.5;34.5
C136;1652245200;38.9;36.0
C136;1652248800;39.5;36.5
C136;1652252400;39.5;35.6
C136;1652256000;40.7;39.4
C136;1652259600;39.2;36.1
C136;1652263200;40.5;39.0
C136;1652266800;40.0;38.2
C136;1652270400;39.2;37.1
C136;1652274000;39.2;37.4
C136;1652277600;40.7;36.8
C136;1652281200;40.1;39.3
C136;1652284800;39.4;36.7
C136;1652288400;39.3;38.1
C136;1652292000;39.2;36.7
C136;1652295600;40.8;34.6
C136;1652299200;37.1;35.9
C136;1652302800;39.9;36.8
C136;1652306400;39.7;36.4
C136;1652310000;38.7;34.5
C136;1652313600;40.0;36.9
C136;1652317200;40.4;36.6
C136;1652320800;39.9;35.1
C136;1652324400;39.0;36.7
C136;1652328000;39.2;36.9
C136;1652331600;40.5;38.0
C136;1652335200;39.8;36.0
C136;1652338800;39.5;36.8
C136;1652342400;38.0;37.2
C136;1652346000;39.5;37.8
C136;1652349600;39.5;35.7
C136;1652353200;38.8;36.8
C136;1652356800;7.3;5.9
C136;1652360400;38.2;37.3
C136;1652364000;39.2;32.5
C136;1652367600;39.9;34.3
C136;1652371200;40.1;34.6
C136;1652374800;38.8;35.1
C136;1652378400;39.5;32.1
C136;1652382000;38.4;33.6
C136;1652385600;38.6;35.0
C136;1652389200;39.8;33.5
C136;1652392800;39.3;32.9
C136;1652396400;36.6;31.6
C136;1652400000;39.4;35.4
C136;1652403600;37.8;35.8
C136;1652407200;39.6;32.7
C136;1652410800;37.3;32.5
C136;1652414400;39.0;33.3
C136;1652418000;38.5;32.9
C136;1652421600;37.5;32.2
C136;1652425200;37.0;33.6
C136;1652428800;39.5;35.8
C136;1652432400;38.7;36.1
C136;1652436000;39.5;33.4
C136;1652439600;39.7;34.5
C136;1652443200;40.0;33.2
C136;1652446800;38.8;33.3
C136;1652450400;38.2;32.2
C136;1652454000;39.1;32.5
C136;1652457600;37.3;31.2
C136;1652461200;37.4;31.0
C136;1652464800;37.5;31.9
C136;1652468400;40.6;32.0
C136;1652472000;38.8;29.7
C136;1652475600;36.5;29.9
C136;1652479200;37.3;32.9
C136;1652482800;39.4;29.7
C136;1652486400;40.3;31.7
C136;1652490000;39.4;29.8
C136;1652493600;37.9;33.1
C136;1652497200;38.7;31.3
C136;1652500800;40.6;31.3
C136;1652504400;38.0;30.8
C136;1652508000;39.2;30.3
C136;1652511600;40.2;30.4
C136;1652515200;39.5;31.3
C136;1652518800;37.1;32.5
C136;1652522400;37.6;31.9
C136;1652526000;38.3;28.4
C136;1652529600;39.5;30.3
C136;1652533200;36.9;37.2
C136;1652536800;37.0;34.5
C136;1652540400;39.6;37.0
C136;1652544000;39.8;35.9
C136;1652547600;39.7;38.1
C136;1652551200;39.7;36.6
C136;1652554800;40.6;35.5
C136;1652558400;39.5;36.5
C136;1652562000;40.7;37.1
C136;1652565600;38.3;38.9
C136;1652569200;38.9;36.6
C136;1652572800;39.8;36.8
C136;1652576400;36.7;37.8
C136;1652580000;39.3;37.1
C136;1652583600;39.8;37.6
C136;1652587200;36.7;38.2
C136;1652590800;37.7;37.6
C136;1652594400;39.5;38.0
C136;1652598000;39.5;36.0
C136;1652601600;40.8;33.9
C136;1652605200;39.7;36.9
C136;1652608800;39.2;37.0
C136;1652612400;38.7;37.6
C136;1652616000;39.2;36.7
C136;1652619600;39.6;34.7
C136;1652623200;39.4;35.2
C136;1652626800;39.8;34.0
C136;1652630400;38.1;35.2
C136;1652634000;39.5;32.4
C136;1652637600;39.7;31.9
C136;1652641200;37.4;33.0
C136;1652644800;39.7;31.0
C136;1652648400;37.4;31.0
C136;1652652000;39.4;32.2
C136;1652655600;37.3;31.2
C136;1652659200;38.3;36.1
C136;1652662800;38.8;37.5
C136;1652666400;39.6;38.3
C136;1652670000;41.6;39.6
C136;1652673600;40.7;37.3
C136;1652677200;40.0;37.0
C136;1652680800;40.5;38.2
C136;1652684400;41.8;37.8
C136;1652688000;40.8;39.1
C136;1652691600;40.7;38.2
C136;1652695200;41.4;40.9
C136;1652698800;41.8;38.2
C136;1652702400;41.8;39.6
C136;1652706000;41.8;38.7
C136;1652709600;40.1;38.9
C136;1652713200;39.1;35.9
C136;1652716800;41.6;38.7
C136;1652720400;41.5;37.7
C136;1652724000;41.1;37.7
C136;1652727600;41.1;37.4
C136;1652731200;41.4;37.9
C136;1652734800;42.3;37.3
C136;1652738400;40.4;36.1
C136;1652742000;38.4;38.6
C136;1652745600;38.9;36.0
C136;1652749200;41.7;38.3
C136;1652752800;42.0;38.6
C136;1652756400;41.8;40.6
C136;1652760000;39.7;38.4
C136;1652763600;41.5;39.9
C136;1652767200;42.5;37.1
C136;1652770800;40.7;38.7
C136;1652774400;40.4;37.1
C136;1652778000;39.0;37.8
C136;1652781600;40.6;40.2
C136;1652785200;42.2;39.0
C136;1652788800;40.9;38.6
C136;1652792400;41.6;37.3
C136;1652796000;40.6;37.9
C136;1652799600;41.3;40.6
C136;1652803200;40.4;38.2
C136;1652806800;41.5;38.5
C136;1652810400;42.0;38.8
C136;1652814000;42.0;36.0
C136;1652817600;41.2;35.8
C136;1652821200;41.7;36.0
C136;1652824800;42.5;37.6
C136;1652828400;38.5;36.3
C136;1652832000;41.3;35.9
C136;1652835600;41.4;36.9
C136;1652839200;38.2;36.8
C136;1652842800;41.4;37.3
C136;1652846400;40.7;35.3
C136;1652850000;39.3;36.9
C136;1652853600;40.0;37.9
C136;1652857200;40.9;37.7
C136;1652860800;38.0;37.9
C136;1652864400;38.5;41.1
C136;1652868000;39.3;38.5
C136;1652871600;38.9;42.4
C136;1652875200;40.5;43.2
C136;1652878800;41.1;43.6
C136;1652882400;41.2;42.4
C136;1652886000;41.1;43.9
C136;1652889600;40.4;43.8
C136;1652893200;40.9;42.1
C136;1652896800;40.4;41.6
C136;1652900400;39.3;43.2
C136;1652904000;40.9;40.0
C136;1652907600;40.8;43.0
C136;1652911200;40.9;38.8
C136;1652914800;40.6;40.5
C136;1652918400;39.0;42.3
C136;1652922000;38.8;38.9
C136;1652925600;41.3;41.2
C136;1652929200;39.5;42.3
C136;1652932800;40.0;40.6
C136;1652936400;37.7;40.9
C136;1652940000;38.8;37.7
C136;1652943600;39.6;36.9
C136;1652947200;40.5;40.7
C136;1652954400;11.1;4.8
C136;1652958000;40.2;36.1
C136;1652961600;41.1;40.0
C136;1652965200;39.2;36.8
C136;1652968800;39.1;37.0
C136;1652972400;41.2;37.9
C136;1652976000;41.1;38.1
C136;1652979600;41.3;36.6
C136;1652983200;40.6;38.4
C136;1652986800;40.5;39.8
C136;1652990400;39.7;40.1
C136;1652994000;38.6;36.7
C136;1652997600;41.2;37.2
C136;1653001200;41.4;38.1
C136;1653004800;40.5;39.2
C136;1653008400;38.5;36.3
C136;1653012000;40.8;39.3
C136;1653015600;38.6;37.4
C136;1653019200;40.5;38.9
C136;1653022800;40.1;39.7
C136;1653026400;40.3;38.4
C136;1653030000;39.5;38.0
C136;1653033600;40.4;39.0
C136;1653037200;38.1;39.3
C136;1653040800;39.5;40.0
C136;1653044400;39.7;38.2
C136;1653048000;40.6;37.4
C136;1653051600;39.8;37.0
C136;1653055200;39.6;37.4
C136;1653058800;40.5;36.9
C136;1653062400;40.2;36.8
C136;1653066000;40.0;39.2
C136;1653069600;41.5;35.1
C136;1653073200;41.7;36.0
C136;1653076800;39.8;37.1
C136;1653080400;39.7;37.3
C136;1653084000;41.3;34.2
C136;1653087600;39.0;39.7
C136;1653091200;40.3;38.2
C136;1653094800;39.4;38.2
C136;1653098400;41.8;37.0
C136;1653102000;40.6;38.0
C136;1653105600;41.2;39.4
C136;1653109200;39.0;37.6
C136;1653112800;40.0;41.2
C136;1653116400;39.6;40.2
C136;1653120000;40.4;38.2
C136;1653123600;41.2;37.9
C136;1653127200;41.2;39.3
C136;1653130800;41.3;39.2
C136;1653134400;39.3;39.8
C136;1653138000;40.1;39.3
C136;1653141600;40.9;38.4
C136;1653145200;39.3;39.4
C136;1653148800;41.1;36.2
C136;1653152400;39.6;38.6
C136;1653156000;40.7;35.7
C136;1653159600;39.2;35.6
C136;1653163200;40.0;36.9
C136;1653166800;38.1;35.1
C136;1653170400;39.1;36.4
C136;1653174000;39.8;35.5
C136;1653177600;38.0;34.9
C136;1653181200;41.6;36.8
C136;1653184800;40.6;36.0
C136;1653188400;39.0;34.6
C136;1653192000;41.1;35.0
C136;1653195600;39.1;35.9
C136;1653199200;37.1;36.9
C136;1653202800;40.1;33.7
C136;1653206400;40.7;35.5
C136;1653210000;40.3;34.0
C136;1653213600;39.5;33.7
C136;1653217200;39.3;33.8
C136;1653220800;39.7;33.3
C136;1653224400;40.4;32.5
C136;1653228000;38.1;33.6
C136;1653231600;38.6;33.6
C136;1653235200;39.7;29.4
C136;1653238800;40.1;29.8
C136;1653242400;38.3;33.0
C136;1653246000;40.0;29.2
C136;1653249600;38.2;29.0
C136;1653253200;41.2;31.3
C136;1653256800;40.9;29.7
C136;1653260400;39.6;30.6
C136;1653264000;40.9;28.7
C136;1653267600;39.7;30.3
C136;1653271200;39.9;30.7
C136;1653274800;38.5;31.2
C136;1653278400;39.9;31.9
C136;1653282000;37.7;32.4
C136;1653285600;39.9;34.2
C136;1653289200;39.6;38.2
C136;1653292800;39.7;36.5
C136;1653296400;37.3;39.2
C136;1653300000;40.4;35.6
C136;1653303600;38.6;36.7
C136;1653307200;40.3;37.5
C136;1653310800;39.2;37.0
C136;1653314400;39.5;39.9
C136;1653318000;38.9;35.4
C136;1653321600;40.7;36.4
C136;1653325200;40.4;37.6
C136;1653328800;40.1;35.0
C136;1653332400;40.3;37.3
C136;1653336000;39.6;39.2
C136;1653339600;37.9;37.6
C136;1653343200;39.5;38.1
C136;1653346800;40.2;36.1
C136;1653350400;40.1;37.1
C136;1653354000;37.4;37.3
C136;1653357600;39.9;36.9
C136;1653361200;40.3;38.6
C136;1653364800;39.3;36.0
C136;1653368400;39.3;37.8
C136;1653372000;38.6;37.6
C136;1653375600;39.8;36.1
C136;1653379200;37.3;34.8
C136;1653382800;38.9;38.9
C136;1653386400;39.6;37.8
C136;1653390000;40.0;35.8
C136;1653393600;40.2;36.8
C136;1653397200;40.2;35.6
C136;1653400800;39.4;32.7
C136;1653404400;40.3;34.1
C136;1653408000;39.8;33.6
C136;1653411600;39.5;35.6
C136;1653415200;41.2;33.7
C136;1653418800;40.4;33.0
C136;1653422400;39.1;34.9
C136;1653426000;39.2;33.5
C136;1653429600;40.3;34.0
C136;1653433200;40.1;34.1
C136;1653436800;39.4;33.9
C136;1653440400;41.1;33.3
C136;1653444000;37.0;33.6
C136;1653447600;40.9;31.1
C136;1653451200;40.5;31.5
C136;1653454800;39.1;30.6
C136;1653458400;38.5;33.1
C136;1653462000;37.2;38.9
C136;1653465600;41.5;38.5
C136;1653469200;41.1;38.6
C136;1653472800;40.3;40.5
C136;1653476400;41.8;40.1
C136;1653480000;40.6;39.8
C136;1653483600;40.9;38.7
C136;1653487200;40.1;38.2
C136;1653490800;39.9;39.2
C136;1653494400;40.8;39.0
C136;1653498000;40.6;37.4
C136;1653501600;40.6;38.7
C136;1653505200;38.4;37.1
C136;1653508800;40.4;38.5
C136;1653512400;41.7;35.7
C136;1653516000;39.9;37.6
C136;1653519600;38.7;35.5
C136;1653523200;39.3;38.7
C136;1653526800;39.2;37.5
C136;1653530400;40.6;38.7
C136;1653534000;37.9;38.1
C136;1653537600;40.2;36.0
C136;1653541200;38.7;36.0
C136;1653544800;39.8;36.3
C136;1653548400;40.1;37.5
C136;1653552000;40.5;34.8
C136;1653555600;40.1;36.2
C136;1653559200;38.8;37.4
C136;1653562800;39.2;37.2
C136;1653566400;38.2;34.4
C136;1653570000;39.6;35.7
C136;1653573600;40.4;33.9
C136;1653577200;38.2;34.6
C136;1653580800;39.9;33.5
C136;1653584400;38.9;34.6
C136;1653588000;41.9;31.4
C136;1653591600;37.3;35.4
C136;1653595200;37.6;32.4
C136;1653598800;37.4;32.5
C136;1653602400;40.6;34.1
C136;1653606000;40.1;32.1
C136;1653609600;38.3;34.5
C136;1653613200;38.7;33.6
C136;1653616800;41.2;33.8
C136;1653620400;39.0;32.0
C136;1653624000;40.0;34.1
C136;1653627600;40.0;34.0
C136;1653631200;41.3;31.5
C136;1653634800;41.5;31.1
C136;1653638400;39.7;32.4
C136;1653642000;39.8;34.1
C136;1653645600;38.4;35.3
C136;1653649200;38.2;31.3
C136;1653652800;39.9;33.2
C136;1653656400;40.2;33.5
C136;1653660000;7.0;6.0
C136;1653667200;39.4;31.9
C136;1653670800;39.7;30.8
C136;1653674400;39.4;33.1
C136;1653678000;38.0;33.7
C136;1653681600;38.5;29.5
C136;1653685200;39.4;30.2
C136;1653688800;39.3;32.8
C136;1653692400;40.4;29.5
C136;1653696000;39.3;31.1
C136;1653699600;40.4;31.5
C136;1653703200;39.0;31.9
C136;1653706800;36.9;31.1
C136;1653710400;40.4;30.5
C136;1653714000;39.0;29.6
C136;1653717600;39.2;32.7
C136;1653721200;37.8;33.4
C136;1653724800;39.3;32.3
C136;1653728400;38.6;33.0
C136;1653732000;39.6;31.0
C136;1653735600;38.6;31.7
C136;1653739200;39.7;30.7
C136;1653742800;37.9;32.2
C136;1653746400;39.7;29.7
C136;1653750000;38.5;31.1
C136;1653753600;37.8;29.1
C136;1653757200;40.4;31.9
C136;1653760800;39.3;29.9
C136;1653764400;40.6;30.9
C136;1653768000;37.8;29.5
C136;1653771600;38.3;30.3
C136;1653775200;39.0;29.9
C136;1653778800;39.4;29.0
C136;1653782400;38.0;29.7
C136;1653786000;41.0;29.0
C136;1653789600;39.2;29.6
C136;1653793200;38.4;28.9
C136;1653796800;38.3;30.9
C136;1653800400;36.7;32.1
C136;1653804000;36.8;31.7
C136;1653807600;38.7;30.3
C136;1653811200;38.4;32.1
C136;1653814800;37.7;30.5
C136;1653818400;37.2;32.2
C136;1653822000;39.0;30.2
C136;1653825600;39.6;31.2
C136;1653829200;38.9;29.2
C136;1653832800;40.1;30.3
C136;1653836400;38.6;32.2
C136;1653840000;38.4;32.8
C136;1653843600;39.2;31.3
C136;1653847200;40.7;30.2
C136;1653850800;39.4;29.5
C136;1653854400;39.2;32.0
C136;1653858000;39.2;29.9
C136;1653861600;39.2;31.8
C136;1653865200;39.5;31.8
C136;1653868800;38.2;34.9
C136;1653872400;40.5;40.0
C136;1653876000;40.4;42.0
C136;1653879600;40.4;41.4
C136;1653883200;40.9;39.5
C136;1653886800;40.1;39.6
C136;1653890400;39.4;40.3
C136;1653894000;40.2;39.5
C136;1653897600;37.6;39.8
C136;1653901200;38.3;38.6
C136;1653904800;39.6;39.9
C136;1653908400;41.4;38.5
C136;1653912000;39.0;38.3
C136;1653915600;38.9;35.7
C136;1653919200;38.8;36.8
C136;1653922800;40.6;37.9
C136;1653926400;40.9;39.0
C136;1653930000;39.5;38.0
C136;1653933600;39.8;38.7
C136;1653937200;40.2;36.9
C136;1653940800;41.1;36.0
C136;1653944400;38.4;40.0
C136;1653948000;38.2;35.2
C136;1653951600;40.4;38.5
C136;1653955200;41.3;38.7
C136;1653958800;40.2;36.7
C136;1653962400;39.8;37.5
C136;1653966000;37.9;34.4
C136;1653969600;38.1;38.8
C136;1653973200;38.6;38.7
C136;1653976800;39.9;36.6
C136;1653980400;39.9;36.5
C136;1653984000;39.2;34.4
C136;1653987600;40.6;35.5
C136;1653991200;40.4;35.6
C136;1653994800;40.5;36.5
C136;1653998400;38.6;36.7
C136;1654002000;39.7;36.4
C136;1654005600;38.2;37.3
C136;1654009200;39.8;33.1
C136;1654012800;39.5;33.4
C136;1654016400;38.7;33.2
C136;1654020000;41.3;33.9
C136;1654023600;40.0;32.6
C136;1654027200;39.6;34.6
C136;1654030800;40.4;35.9
C136;1654034400;38.7;35.9
C136;1654038000;39.3;35.9
C136;1654041600;40.2;35.6
C136;1654045200;38.9;33.8
C136;1654048800;39.8;33.9
C136;1654052400;39.5;35.2
C136;1654056000;40.3;33.2
C136;1654059600;38.1;33.3
C136;1654063200;40.6;35.4
C136;1654066800;39.7;34.6
C136;1654070400;38.5;36.2
C136;1654074000;39.2;35.4
C136;1654077600;39.7;34.5
C136;1654081200;39.2;34.2
C136;1654084800;40.2;33.5
C136;1654088400;38.3;33.3
C136;1654092000;38.9;32.4
C136;1654095600;38.4;32.6
C136;1654099200;38.0;34.2
C136;1654102800;38.6;34.7
C136;1654106400;40.3;33.2
C136;1654110000;38.2;34.7
C136;1654113600;39.4;34.0
C136;1654117200;39.3;34.4
C136;1654120800;40.5;35.4
C136;1654124400;37.7;31.4
C136;1654128000;41.5;31.9
C136;1654131600;38.7;34.9
C136;1654135200;37.8;33.1
C136;1654138800;36.7;35.5
C136;1654142400;39.3;33.3
C136;1654146000;39.1;33.2
C136;1654149600;40.8;31.1
C136;1654153200;41.6;34.5
C136;1654156800;39.4;33.5
C136;1654160400;37.9;35.6
C136;1654164000;40.3;32.4
C136;1654167600;39.4;33.0
C136;1654171200;38.2;31.7
C136;1654174800;39.7;31.2
C136;1654178400;6.7;6.2
C136;1654182000;39.3;30.9
C136;1654185600;39.3;32.4
C136;1654189200;39.4;29.7
C136;1654192800;38.1;33.1
C136;1654196400;39.4;33.1
C136;1654200000;40.1;30.1
C136;1654203600;39.6;29.8
C136;1654207200;39.9;33.4
C136;1654210800;38.5;31.3
C136;1654214400;37.2;32.2
C136;1654218000;38.8;33.1
C136;1654221600;38.3;32.3
C136;1654225200;38.5;31.0
C136;1654228800;37.3;32.8
C136;1654232400;37.4;33.7
C136;1654236000;38.3;32.4
C136;1654239600;40.4;29.4
C136;1654243200;36.9;31.0
C136;1654246800;39.4;33.1
C136;1654250400;38.5;30.4
C136;1654254000;37.7;30.6
C136;1654257600;38.1;29.1
C136;1654261200;38.2;30.1
C136;1654264800;39.4;30.3
C136;1654268400;37.9;32.3
C136;1654272000;38.8;31.1
C136;1654275600;40.4;28.5
C136;1654279200;39.0;30.9
C136;1654282800;37.2;29.5
C136;1654286400;37.3;29.9
C136;1654290000;37.3;29.1
C136;1654293600;38.4;29.3
C136;1654297200;40.3;28.0
C136;1654300800;36.2;29.0
C136;1654304400;39.5;30.1
C136;1654308000;39.5;29.6
C136;1654311600;38.7;30.4
C136;1654315200;38.6;29.3
C136;1654318800;36.2;31.7
C136;1654322400;38.6;30.0
C136;1654326000;38.9;30.1
C136;1654329600;39.0;28.9
C136;1654333200;38.7;30.1
C136;1654336800;37.7;30.9
C136;1654340400;38.0;26.8
C136;1654344000;37.8;27.6
C136;1654347600;38.8;27.8
C136;1654351200;37.1;27.3
C136;1654354800;38.6;26.3
C136;1654358400;38.9;25.8
C136;1654362000;39.2;37.0
C136;1654365600;39.2;37.9
C136;1654369200;39.8;38.7
C136;1654372800;38.0;35.3
C136;1654376400;39.6;36.7
C136;1654380000;39.2;36.4
C136;1654383600;39.1;38.6
C136;1654387200;39.8;37.8
C136;1654390800;39.2;37.2
C136;1654394400;39.3;36.0
C136;1654398000;37.9;38.0
C136;1654401600;37.3;39.7
C136;1654405200;37.4;35.7
C136;1654408800;40.0;34.9
C136;1654412400;40.1;37.0
C136;1654416000;39.8;37.3
C136;1654419600;39.4;37.5
C136;1654423200;40.3;35.1
C136;1654426800;37.9;37.9
C136;1654430400;39.3;37.5
C136;1654434000;39.7;37.1
C136;1654437600;39.7;35.6
C136;1654441200;38.8;34.7
C136;1654444800;39.5;35.3
C136;1654448400;40.1;33.0
C136;1654452000;39.5;36.5
C136;1654455600;39.3;35.0
C136;1654459200;40.6;34.0
C136;1654462800;37.9;35.0
C136;1654466400;37.5;32.7
C136;1654470000;40.4;34.0
C136;1654473600;37.4;32.8
C136;1654477200;38.6;33.8
C136;1654480800;37.9;35.4
C136;1654484400;39.1;32.5
C136;1654488000;38.4;33.8
C136;1654491600;37.6;34.0
C136;1654495200;39.1;32.2
C136;1654498800;40.1;31.9
C136;1654502400;39.4;32.2
C136;1654506000;38.3;31.7
C136;1654509600;38.8;32.9
C136;1654513200;38.5;32.4
C136;1654516800;37.8;31.1
C136;1654520400;37.9;32.4
C136;1654524000;39.7;31.5
C136;1654527600;37.5;29.0
C136;1654531200;39.5;29.0
C136;1654534800;39.4;27.5
C136;1654538400;39.8;30.8
C136;1654542000;39.1;27.9
C136;1654545600;39.5;29.5
C136;1654549200;39.0;28.4
C136;1654552800;36.8;27.7
C136;1654556400;41.2;28.0
C136;1654560000;40.8;30.4
C136;1654563600;40.2;27.3
C136;1654567200;36.9;26.9
C136;1654570800;37.0;37.0
C136;1654574400;39.6;33.7
C136;1654578000;36.7;37.9
C136;1654581600;38.4;36.0
C136;1654585200;40.2;34.7
C136;1654588800;40.4;35.8
C136;1654592400;40.6;36.5
C136;1654596000;37.4;34.5
C136;1654599600;39.9;34.6
C136;1654603200;39.6;35.0
C136;1654606800;38.1;37.4
C136;1654610400;38.2;36.7
C136;1654614000;39.3;37.3
C136;1654617600;38.2;34.5
C136;1654621200;39.3;33.7
C136;1654624800;40.8;34.7
C136;1654628400;39.7;32.6
C136;1654632000;40.9;36.4
C136;1654635600;40.7;32.5
C136;1654639200;40.0;33.2
C136;1654642800;39.4;34.7
C136;1654646400;37.0;34.2
C136;1654650000;41.3;32.1
C136;1654653600;40.5;31.7
C136;1654657200;36.8;34.3
C136;1654660800;39.3;34.9
C136;1654664400;39.4;34.0
C136;1654668000;41.1;34.5
C136;1654671600;40.6;34.6
C136;1654675200;40.6;34.5
C136;1654678800;40.0;32.8
C136;1654682400;39.8;32.4
C136;1654686000;37.8;34.7
C136;1654689600;38.0;32.1
C136;1654693200;38.1;33.8
C136;1654696800;39.7;32.4
C136;1654700400;37.4;29.8
C136;1654704000;39.8;32.2
C136;1654707600;38.6;32.6
C136;1654711200;39.7;32.7
C136;1654714800;38.8;31.4
C136;1654718400;36.7;33.4
C136;1654722000;37.8;33.2
C136;1654725600;38.8;31.8
C136;1654729200;37.3;30.7
C136;1654732800;37.4;32.8
C136;1654736400;39.7;30.4
C136;1654740000;37.9;32.5
C136;1654743600;38.8;30.9
C136;1654747200;38.9;31.4
C136;1654750800;38.2;32.0
C136;1654754400;39.8;30.8
C136;1654758000;39.4;31.7
C136;1654761600;37.5;30.7
C136;1654765200;39.3;31.2
C136;1654768800;37.6;30.9
C136;1654772400;38.2;28.2
C136;1654776000;38.8;29.3
C136;1654783200;38.3;29.9
C136;1654786800;38.7;26.9
C136;1654790400;39.5;25.2
C136;1654794000;39.8;25.6
C136;1654797600;41.3;24.2
C136;1654801200;39.3;25.2
C136;1654804800;39.8;25.6
C136;1654808400;39.3;25.7
C136;1654812000;38.7;25.4
C136;1654815600;38.3;25.4
C136;1654819200;39.2;26.2
C136;1654822800;37.6;26.7
C136;1654826400;37.6;26.3
C136;1654830000;38.2;24.7
C136;1654833600;37.8;23.9
C136;1654837200;40.4;24.6
C136;1654840800;40.0;26.7
C136;1654844400;40.5;26.6
C136;1654848000;39.0;25.0
C136;1654851600;38.7;25.5
C136;1654855200;38.6;24.9
C136;1654858800;37.8;23.1
C136;1654862400;39.3;22.5
C136;1654866000;38.3;22.2
C136;1654869600;37.9;20.8
C136;1654873200;37.9;21.3
C136;1654876800;38.2;20.0
C136;1654880400;39.5;19.2
C136;1654884000;38.5;19.8
C136;1654887600;38.6;19.7
C136;1654891200;38.7;19.4
C136;1654894800;37.5;18.8
C136;1654898400;39.1;19.5
C136;1654902000;40.4;20.2
C136;1654905600;38.0;19.7
C136;1654909200;38.8;20.6
C136;1654912800;38.4;21.1
C136;1654916400;40.8;19.8
C136;1654920000;39.2;36.6
C136;1654923600;40.9;37.9
C136;1654927200;38.2;35.4
C136;1654930800;40.4;38.8
C136;1654934400;39.7;36.9
C136;1654938000;40.9;37.4
C136;1654941600;40.0;36.5
C136;1654945200;41.6;34.0
C136;1654948800;40.7;35.0
C136;1654952400;41.0;38.7
C136;1654956000;38.9;36.4
C136;1654959600;42.0;35.8
C136;1654963200;40.2;34.4
C136;1654966800;40.0;38.1
C136;1654970400;40.1;35.1
C136;1654974000;40.5;37.0
C136;1654977600;39.3;37.0
C136;1654981200;41.2;35.3
C136;1654984800;40.4;36.1
C136;1654988400;40.1;34.6
C136;1654992000;40.9;35.6
C136;1654995600;39.0;37.0
C136;1654999200;41.7;36.1
C136;1655002800;40.4;36.2
C136;1655006400;41.8;35.3
C136;1655010000;41.0;37.6
C136;1655013600;40.9;38.0
C136;1655017200;39.8;36.5
C136;1655020800;41.1;39.0
C136;1655024400;41.5;38.0
C136;1655028000;42.1;36.8
C136;1655031600;40.2;35.4
C136;1655035200;39.8;35.2
C136;1655038800;39.1;35.8
C136;1655042400;39.3;34.2
C136;1655046000;40.6;35.0
C136;1655049600;39.6;33.6
C136;1655053200;39.9;37.5
C136;1655056800;38.3;37.0
C136;1655060400;38.9;33.9
C136;1655064000;40.6;35.3
C136;1655067600;40.4;37.5
C136;1655071200;40.6;39.7
C136;1655074800;40.2;38.2
C136;1655078400;40.0;36.8
C136;1655082000;41.6;35.1
C136;1655085600;41.2;38.3
C136;1655089200;37.4;39.5
C136;1655092800;41.8;36.2
C136;1655096400;37.7;37.3
C136;1655100000;38.4;35.1
C136;1655103600;39.9;35.5
C136;1655107200;39.0;39.3
C136;1655110800;38.2;39.5
C136;1655114400;37.5;35.1
C136;1655118000;40.8;37.1
C136;1655121600;40.6;36.9
C136;1655125200;38.2;39.8
C136;1655128800;40.2;36.5
C136;1655132400;41.1;38.0
C136;1655136000;41.5;38.0
C136;1655139600;40.5;37.1
C136;1655143200;40.8;37.8
C136;1655146800;40.7;36.7
C136;1655150400;40.4;37.1
C136;1655154000;40.3;36.7
C136;1655157600;39.9;38.2
C136;1655161200;41.8;37.1
C136;1655164800;40.1;38.9
C136;1655168400;38.4;36.0
C136;1655172000;40.3;37.9
C136;1655175600;37.3;34.6
C136;1655179200;39.2;37.7
C136;1655182800;37.4;34.7
C136;1655186400;37.4;37.7
C136;1655190000;40.1;36.8
C136;1655193600;40.5;38.2
C136;1655197200;38.4;37.8
C136;1655200800;39.3;35.6
C136;1655204400;40.3;35.7
C136;1655208000;39.3;34.4
C136;1655211600;38.9;33.5
C136;1655215200;38.6;33.0
C136;1655218800;38.5;35.5
C136;1655222400;40.6;32.9
C136;1655226000;40.2;32.9
C136;1655229600;40.6;33.2
C136;1655233200;39.5;32.1
C136;1655236800;38.5;33.4
C136;1655240400;40.6;31.1
C136;1655244000;40.7;32.4
C136;1655247600;38.9;32.0
C136;1655251200;39.3;34.0
C136;1655254800;37.2;32.2
C136;1655258400;37.3;34.5
C136;1655262000;41.7;30.1
C136;1655265600;39.7;32.4
C136;1655269200;40.6;31.4
C136;1655272800;38.9;32.8
C136;1655276400;40.1;31.3
C136;1655280000;39.6;32.3
C136;1655283600;39.9;31.4
C136;1655287200;39.4;29.8
C136;1655290800;39.0;32.0
C136;1655294400;40.2;30.3
C136;1655298000;39.9;31.0
C136;1655301600;40.4;29.0
C136;1655305200;39.8;29.1
C136;1655308800;38.9;28.7
C136;1655312400;39.6;28.0
C136;1655316000;41.4;28.6
C136;1655319600;40.0;28.5
C136;1655323200;39.0;28.7
C136;1655326800;39.7;28.2
C136;1655330400;39.0;27.4
C136;1655334000;39.5;28.4
C136;1655337600;38.8;28.5
C136;1655341200;37.6;27.2
C136;1655344800;38.0;28.9
C136;1655348400;37.3;29.3
C136;1655352000;41.0;28.1
C136;1655355600;39.9;27.7
C136;1655359200;38.2;26.1
C136;1655362800;39.6;26.8
C136;1655366400;39.8;27.8
C136;1655370000;40.3;27.3
C136;1655373600;38.6;26.2
C136;1655377200;38.5;26.9
C136;1655384400;36.9;25.4
C136;1655388000;39.1;23.5
C136;1655391600;39.6;22.2
C136;1655395200;38.9;22.4
C136;1655398800;38.6;23.2
C136;1655402400;39.9;23.1
C136;1655406000;39.2;22.5
C136;1655409600;38.2;22.9
C136;1655413200;38.9;22.1
C136;1655416800;37.1;21.7
C136;1655420400;37.6;22.3
C136;1655424000;37.9;22.6
C136;1655427600;38.3;22.6
C136;1655431200;39.3;22.0
C136;1655434800;39.0;22.5
C136;1655438400;39.2;22.3
C136;1655442000;40.2;22.7
C136;1655445600;39.8;21.7
C136;1655449200;38.2;22.5
C136;1655452800;41.3;21.4
C136;1655456400;37.7;21.6
C136;1655460000;38.5;21.7
C136;1655463600;39.0;21.9
C136;1655467200;38.1;22.6
C136;1655470800;38.1;20.9
C136;1655474400;38.5;22.8
C136;1655478000;39.8;34.2
C136;1655481600;41.1;39.9
C136;1655485200;40.8;40.2
C136;1655488800;40.1;38.2
C136;1655492400;38.8;37.9
C136;1655496000;40.9;38.2
C136;1655499600;39.7;38.4
C136;1655503200;41.5;37.0
C136;1655506800;42.0;37.4
C136;1655510400;40.4;37.8
C136;1655514000;40.8;36.6
C136;1655517600;39.3;35.1
C136;1655521200;40.4;36.8
C136;1655524800;41.2;37.3
C136;1655528400;38.9;37.4
C136;1655532000;41.3;36.4
C136;1655535600;39.9;36.6
C136;1655539200;39.9;36.4
C136;1655542800;39.5;36.3
C136;1655546400;38.4;36.0
C136;1655550000;39.5;36.5
C136;1655553600;39.0;32.7
C136;1655557200;38.3;33.4
C136;1655560800;38.2;37.6
C136;1655564400;39.9;38.6
C136;1655568000;40.8;36.9
C136;1655571600;39.8;37.5
C136;1655575200;40.5;36.9
C136;1655578800;39.7;36.0
C136;1655582400;39.9;37.0
C136;1655586000;39.7;38.9
C136;1655589600;40.2;37.9
C136;1655593200;37.5;37.9
C136;1655596800;39.1;36.5
C136;1655600400;40.0;36.7
C136;1655604000;40.4;37.2
C136;1655607600;40.4;35.6
C136;1655611200;38.2;37.5
C136;1655614800;41.6;37.3
C136;1655618400;40.4;35.2
C136;1655622000;39.7;35.5
C136;1655625600;39.0;34.3
C136;1655629200;37.9;36.8
C136;1655632800;40.1;34.5
C136;1655636400;38.6;34.9
C136;1655640000;38.6;34.4
C136;1655643600;38.7;36.9
C136;1655647200;39.9;35.1
C136;1655650800;38.5;34.5
C136;1655654400;38.6;31.9
C136;1655658000;38.8;33.0
C136;1655661600;40.0;33.6
C136;1655665200;38.6;33.9
C136;1655668800;40.5;36.1
C136;1655672400;38.5;35.7
C136;1655676000;40.9;34.4
C136;1655679600;39.9;35.1
C136;1655683200;38.3;35.7
C136;1655686800;41.2;32.4
C136;1655690400;40.5;33.4
C136;1655694000;39.7;36.2
C136;1655697600;41.6;32.4
C136;1655701200;40.1;36.3
C136;1655704800;41.2;33.0
C136;1655708400;39.0;33.6
C136;1655712000;39.7;34.4
C136;1655715600;38.8;33.4
C136;1655719200;38.6;36.2
C136;1655722800;38.9;32.0
C136;1655726400;38.2;34.9
C136;1655730000;38.7;32.1
C136;1655733600;40.4;33.2
C136;1655737200;40.2;32.3
C136;1655740800;40.0;32.8
C136;1655744400;37.9;35.2
C136;1655748000;39.3;35.9
C136;1655751600;38.4;36.7
C136;1655755200;39.8;38.6
C136;1655758800;40.5;37.8
C136;1655762400;37.3;39.3
C136;1655766000;40.2;34.9
C136;1655769600;41.2;36.9
C136;1655773200;39.5;37.0
C136;1655776800;39.9;37.3
C136;1655780400;41.2;34.7
C136;1655784000;39.8;37.6
C136;1655787600;39.6;39.5
C136;1655791200;40.1;38.8
C136;1655794800;39.3;36.5
C136;1655798400;40.3;38.6
C136;1655802000;39.4;39.5
C136;1655805600;38.2;37.3
C136;1655809200;39.8;38.2
C136;1655812800;38.2;38.6
C136;1655816400;40.3;35.8
C136;1655820000;39.5;36.6
C136;1655823600;40.0;36.5
C136;1655827200;40.2;34.4
C136;1655830800;39.0;34.1
C136;1655834400;38.6;35.9
C136;1655838000;40.0;35.0
C136;1655841600;39.7;34.0
C136;1655845200;40.2;33.1
C136;1655848800;40.3;34.8
C136;1655852400;40.1;33.8
C136;1655856000;39.7;34.2
C136;1655859600;41.8;31.5
C136;1655863200;39.6;32.7
C136;1655866800;37.7;35.4
C136;1655870400;39.5;38.6
C136;1655874000;38.3;37.7
C136;1655877600;39.9;39.2
C136;1655881200;40.9;39.6
C136;1655884800;40.2;40.0
C136;1655888400;41.1;37.3
C136;1655892000;38.9;36.0
C136;1655895600;39.3;39.2
C136;1655899200;39.0;36.7
C136;1655902800;41.1;37.6
C136;1655906400;39.7;38.4
C136;1655910000;40.0;37.6
C136;1655913600;40.5;36.4
C136;1655917200;40.2;35.3
C136;1655920800;41.3;34.0
C136;1655924400;40.4;34.7
C136;1655928000;38.5;33.3
C136;1655931600;42.0;36.0
C136;1655935200;39.8;32.2
C136;1655938800;40.6;34.8
C136;1655942400;39.9;34.7
C136;1655946000;39.2;33.2
C136;1655949600;39.6;35.6
C136;1655953200;40.5;33.2
C136;1655956800;40.9;36.6
C136;1655960400;41.6;37.4
C136;1655964000;41.8;37.0
C136;1655967600;41.1;37.9
C136;1655971200;40.5;40.2
C136;1655974800;41.1;39.2
C136;1655978400;40.4;40.2
C136;1655982000;41.6;41.3
C136;1655985600;38.1;41.6
C136;1655989200;41.4;41.0
C136;1655992800;38.7;38.8
C136;1655996400;40.5;39.6
C136;1656000000;41.7;41.6
C136;1656003600;40.5;39.7
C136;1656007200;39.2;43.5
C136;1656010800;40.0;39.4
C136;1656014400;41.2;42.1
C136;1656018000;40.2;39.2
C136;1656021600;40.8;40.5
C136;1656025200;40.9;38.7
C136;1656028800;39.7;41.5
C136;1656032400;40.6;43.2
C136;1656036000;40.1;43.5
C136;1656039600;39.7;38.7
C136;1656043200;41.4;43.5
C136;1656046800;42.1;39.8
C136;1656050400;40.8;38.2
C136;1656054000;42.1;40.0
C136;1656057600;41.4;41.5
C136;1656061200;38.8;41.7
C136;1656064800;41.1;38.1
C136;1656068400;40.6;38.3
C136;1656072000;39.7;36.5
C136;1656075600;41.7;37.2
C136;1656079200;39.6;37.4
C136;1656082800;41.6;39.3
C136;1656086400;41.4;41.4
C136;1656090000;41.7;43.9
C136;1656093600;41.0;41.1
C136;1656097200;41.7;40.1
C136;1656100800;39.2;43.1
C136;1656104400;39.5;38.7
C136;1656108000;40.3;41.8
C136;1656111600;38.9;38.1
C136;1656115200;39.8;40.0
C136;1656118800;41.7;41.0
C136;1656122400;40.6;39.8
C136;1656126000;38.2;38.4
C136;1656129600;40.6;40.2
C136;1656133200;39.1;39.2
C136;1656136800;41.3;37.4
C136;1656140400;41.3;39.2
C136;1656144000;39.5;37.4
C136;1656147600;41.1;37.9
C136;1656151200;39.1;37.2
C136;1656154800;40.7;39.0
C136;1656158400;40.9;40.0
C136;1656162000;39.0;40.7
C136;1656165600;41.5;38.4
C136;1656169200;39.7;41.2
C136;1656172800;39.8;36.0
C136;1656176400;40.4;37.9
C136;1656180000;42.0;38.1
C136;1656183600;40.7;38.6
C136;1656187200;40.6;38.5
C136;1656190800;38.4;38.9
C136;1656194400;38.5;39.9
C136;1656198000;38.5;38.9
C136;1656201600;40.8;37.5
C136;1656205200;40.2;38.1
C136;1656208800;41.1;40.1
C136;1656212400;40.1;40.9
C136;1656216000;40.0;38.1
C136;1656219600;41.8;40.8
C136;1656223200;38.8;38.0
C136;1656226800;41.3;39.6
C136;1656230400;39.3;40.1
C136;1656234000;41.4;40.4
C136;1656237600;40.2;40.0
C136;1656241200;41.1;41.8
C136;1656244800;40.1;42.3
C136;1656248400;40.1;39.7
C136;1656252000;41.8;41.5
C136;1656255600;41.3;43.4
C136;1656259200;41.8;42.4
C136;1656262800;41.3;43.6
C136;1656266400;40.3;38.9
C136;1656270000;41.5;39.9
C136;1656273600;41.3;40.1
C136;1656277200;41.1;40.5
C136;1656280800;40.8;38.9
C136;1656284400;38.4;37.8
C136;1656288000;40.8;39.7
C136;1656291600;39.0;38.0
C136;1656295200;40.4;37.4
C136;1656298800;39.4;37.7
C136;1656302400;41.1;38.1
C136;1656306000;41.3;40.0
C136;1656309600;41.8;38.4
C136;1656313200;41.5;38.7
C136;1656316800;38.3;38.4
C136;1656320400;38.5;36.7
C136;1656324000;40.9;37.1
C136;1656327600;40.6;38.3
C136;1656331200;40.5;37.7
C136;1656334800;39.8;34.7
C136;1656338400;39.4;36.6
C136;1656342000;40.6;33.8
C136;1656345600;39.7;36.5
C136;1656349200;40.4;35.3
C136;1656352800;40.1;33.8
C136;1656356400;41.2;35.6
C136;1656360000;38.6;34.0
C136;1656363600;39.9;33.7
C136;1656367200;38.0;33.9
C136;1656370800;40.8;34.3
C136;1656374400;37.4;36.0
C136;1656378000;37.2;34.6
C136;1656381600;38.2;32.8
C136;1656385200;40.4;34.9
C136;1656388800;39.2;33.4
C136;1656392400;41.3;34.8
C136;1656396000;39.2;34.5
C136;1656399600;40.4;35.2
C136;1656403200;40.8;32.4
C136;1656406800;39.2;32.7
C136;1656410400;40.7;34.8
C136;1656414000;39.9;33.7
C136;1656417600;40.9;33.8
C136;1656421200;40.6;32.3
C136;1656424800;40.2;33.5
C136;1656428400;38.8;30.7
C136;1656432000;39.0;31.7
C136;1656435600;41.1;31.0
C136;1656439200;39.6;32.3
C136;1656442800;40.8;30.7
C136;1656446400;39.0;32.8
C136;1656450000;37.6;29.9
C136;1656453600;40.3;30.6
C136;1656457200;37.0;32.7
C136;1656460800;37.8;29.3
C136;1656464400;40.3;32.7
C136;1656468000;38.0;33.0
C136;1656471600;40.0;31.6
C136;1656475200;40.1;31.1
C136;1656478800;40.6;31.6
C136;1656482400;38.3;30.9
C136;1656486000;39.4;31.1
C136;1656489600;40.5;31.1
C136;1656493200;40.5;31.3
C136;1656496800;40.4;30.3
C136;1656500400;40.7;31.1
C136;1656504000;7.0;6.1
C136;1656507600;38.8;29.1
C136;1656511200;39.0;29.0
C136;1656514800;38.6;29.7
C136;1656518400;40.0;27.9
C136;1656522000;40.5;27.3
C136;1656525600;39.6;25.7
C136;1656529200;37.9;29.2
C136;1656532800;39.7;26.8
C136;1656536400;39.8;27.0
C136;1656540000;39.5;27.0
C136;1656543600;40.0;26.3
C136;1656547200;39.0;26.2
C136;1656550800;37.0;27.1
C136;1656554400;39.6;26.9
C136;1656558000;40.5;25.9
C136;1656561600;39.4;26.5
C136;1656565200;38.9;26.2
C136;1656568800;37.7;26.4
C136;1656572400;38.0;25.0
C136;1656576000;42.0;25.1
C136;1656579600;38.6;26.9
C136;1656583200;39.4;28.0
C136;1656586800;38.1;28.0
C136;1656590400;38.3;25.1
C136;1656594000;40.4;39.0
C136;1656597600;40.0;39.2
C136;1656601200;40.8;40.2
C136;1656604800;38.9;39.0
C136;1656608400;40.2;39.1
C136;1656612000;41.0;38.2
C136;1656615600;41.3;34.5
C136;1656619200;39.8;35.6
C136;1656622800;38.4;37.7
C136;1656626400;41.4;37.1
C136;1656630000;41.3;34.7
C136;1656633600;37.1;37.9
C136;1656637200;41.0;35.8
C136;1656640800;40.3;37.9
C136;1656644400;39.7;37.0
C136;1656648000;37.6;37.4
C136;1656651600;40.2;35.9
C136;1656655200;37.1;36.5
C136;1656658800;40.2;37.8
C136;1656662400;40.6;37.0
C136;1656666000;40.0;34.4
C136;1656669600;39.3;35.6
C136;1656673200;38.2;34.3
C136;1656676800;39.0;37.3
C136;1656680400;38.1;33.6
C136;1656684000;38.8;33.5
C136;1656687600;38.1;32.6
C136;1656691200;40.3;34.3
C136;1656694800;40.6;33.1
C136;1656698400;39.6;34.5
C136;1656702000;39.6;35.1
C136;1656705600;41.7;34.7
C136;1656709200;41.9;31.3
C136;1656712800;40.1;33.0
C136;1656716400;38.6;30.7
C136;1656720000;40.6;33.8
C136;1656723600;40.7;33.4
C136;1656727200;39.8;33.0
C136;1656730800;41.5;33.0
C136;1656734400;41.6;30.8
C136;1656738000;40.1;31.7
C136;1656741600;38.6;32.2
C136;1656745200;39.8;31.8
C136;1656748800;38.1;31.5
C136;1656752400;38.4;30.5
C136;1656756000;38.3;34.1
C136;1656759600;39.0;29.7
C136;1656763200;39.7;32.5
C136;1656766800;38.4;29.7
C136;1656770400;39.2;40.2
C136;1656774000;39.7;38.3
C136;1656777600;41.2;37.0
C136;1656781200;41.2;38.3
C136;1656784800;38.7;34.7
C136;1656788400;40.5;37.2
C136;1656792000;37.8;36.4
C136;1656795600;40.4;36.8
C136;1656799200;40.7;37.7
C136;1656802800;40.4;36.4
C136;1656806400;39.9;37.6
C136;1656810000;37.5;35.8
C136;1656813600;39.4;35.4
C136;1656817200;37.1;35.2
C136;1656820800;40.1;36.3
C136;1656824400;38.5;34.7
C136;1656828000;38.7;36.4
C136;1656831600;40.0;38.4
C136;1656835200;40.4;36.8
C136;1656838800;40.1;36.1
C136;1656842400;38.7;37.9
C136;1656846000;38.9;35.8
C136;1656849600;38.8;34.8
C136;1656853200;40.5;34.5
C136;1656856800;39.0;33.5
C136;1656860400;40.3;34.5
C136;1656864000;40.2;33.1
C136;1656867600;39.8;32.1
C136;1656871200;41.3;32.1
C136;1656874800;41.7;31.8
C136;1656878400;40.3;30.3
C136;1656882000;39.1;32.5
C136;1656885600;41.7;30.2
C136;1656889200;38.3;34.9
C136;1656892800;39.6;32.8
C136;1656896400;39.0;32.7
C136;1656900000;38.6;32.2
C136;1656903600;40.0;31.1
C136;1656907200;37.8;34.0
C136;1656910800;39.2;32.7
C136;1656914400;39.8;32.1
C136;1656918000;39.0;33.4
C136;1656921600;37.9;30.9
C136;1656925200;40.5;33.3
C136;1656928800;40.9;35.9
C136;1656932400;39.9;36.3
C136;1656936000;39.5;36.3
C136;1656939600;39.1;35.8
C136;1656943200;39.7;34.0
C136;1656946800;40.3;34.7
C136;1656950400;40.4;36.0
C136;1656954000;39.8;38.2
C136;1656957600;40.9;38.3
C136;1656961200;40.8;38.7
C136;1656964800;40.9;40.8
C136;1656968400;40.9;38.7
C136;1656972000;39.9;38.3
C136;1656975600;40.8;36.9
C136;1656979200;37.7;35.9
C136;1656982800;39.2;36.6
C136;1656986400;40.6;39.6
C136;1656990000;40.7;38.2
C136;1656993600;40.5;39.7
C136;1656997200;38.7;39.8
C136;1657000800;37.8;40.4
C136;1657004400;40.9;38.7
C136;1657008000;40.5;40.8
C136;1657011600;39.8;41.5
C136;1657015200;40.5;37.9
C136;1657018800;41.2;39.4
C136;1657022400;40.9;38.4
C136;1657026000;39.1;36.1
C136;1657029600;39.5;35.3
C136;1657033200;39.8;37.1
C136;1657036800;40.8;38.9
C136;1657040400;39.9;36.7
C136;1657044000;40.3;37.9
C136;1657047600;41.5;36.4
C136;1657051200;39.6;38.9
C136;1657054800;40.4;35.0
C136;1657058400;39.7;35.4
C136;1657062000;37.5;38.7
C136;1657065600;37.5;34.7
C136;1657069200;40.3;37.3
C136;1657072800;38.9;35.1
C136;1657076400;40.1;37.4
C136;1657080000;39.2;34.3
C136;1657083600;40.2;38.4
C136;1657087200;38.9;37.4
C136;1657090800;40.5;36.9
C136;1657094400;40.5;38.1
C136;1657098000;40.9;34.5
C136;1657101600;41.7;38.1
C136;1657105200;40.0;38.6
C136;1657108800;39.5;37.3
C136;1657112400;40.2;37.5
C136;1657116000;40.1;35.3
C136;1657119600;40.6;36.7
C136;1657123200;39.8;35.2
C136;1657126800;39.6;37.0
C136;1657130400;39.1;36.0
C136;1657134000;40.6;35.1
C136;1657137600;38.9;37.0
C136;1657141200;40.7;34.1
C136;1657144800;39.7;33.9
C136;1657148400;40.4;34.8
C136;1657152000;37.9;35.3
C136;1657155600;40.0;32.8
C136;1657159200;39.8;33.6
C136;1657162800;39.8;34.0
C136;1657166400;41.2;33.8
C136;1657170000;39.8;33.5
C136;1657173600;40.1;34.5
C136;1657177200;40.3;33.5
C136;1657180800;39.3;34.7
C136;1657184400;39.6;32.1
C136;1657188000;40.0;35.0
C136;1657191600;40.8;33.2
C136;1657195200;39.4;31.2
C136;1657198800;40.2;33.2
C136;1657202400;38.3;33.4
C136;1657206000;39.9;33.0
C136;1657209600;40.8;33.9
C136;1657213200;40.6;33.5
C136;1657216800;40.2;33.8
C136;1657220400;40.1;33.6
C136;1657224000;41.0;33.8
C136;1657227600;41.3;33.4
C136;1657231200;40.1;34.1
C136;1657234800;39.6;32.9
C136;1657238400;40.8;32.5
C136;1657242000;40.2;37.7
C136;1657245600;38.7;40.1
C136;1657249200;41.6;39.0
C136;1657252800;40.3;43.2
C136;1657256400;40.3;41.2
C136;1657260000;41.1;40.9
C136;1657263600;41.3;39.6
C136;1657267200;40.9;43.7
C136;1657270800;41.3;42.5
C136;1657274400;41.1;40.1
C136;1657278000;40.8;44.5
C136;1657281600;41.1;43.9
C136;1657285200;39.8;41.6
C136;1657288800;40.7;41.7
C136;1657292400;41.1;42.7
C136;1657296000;41.2;41.9
C136;1657299600;40.9;41.2
C136;1657303200;39.5;39.5
C136;1657306800;41.2;42.0
C136;1657310400;40.9;38.7
C136;1657314000;40.6;42.6
C136;1657317600;40.8;40.6
C136;1657321200;39.9;39.5
C136;1657324800;38.4;39.3
C136;1657328400;41.2;42.3
C136;1657332000;41.2;38.7
C136;1657335600;41.8;41.4
C136;1657339200;41.7;41.0
C136;1657342800;40.3;38.4
C136;1657346400;41.1;38.7
C136;1657350000;40.8;38.4
C136;1657353600;40.8;41.2
C136;1657357200;40.5;38.4
C136;1657360800;39.5;40.6
#---FIN---#
Se descargo historico
Se acabo el tiempo... Adios


Sent Log:

DT
